Tstamp	m2	m3	m4	m5	m6	m7	Voltage_R_Phase	Voltage_Y_Phase	Voltage_B_Phase	Average_Voltage	Voltage_R_Y	Voltage_Y_B	Voltage_B_R	Line_To_Line_Voltage_Average	Current_R	Current_Y	Current_B	Current_N	Average_Current	Frequency_R	Frequency_Y	Frequency_B	Average_Frequency	Power_Factor_R	Power_Factor_Y	Power_Factor_B	Average_Power_Factor	Active_Power_R	Active_Power_Y	Active_Power_B	Total_Power	Reactive_Power_R	Reactive_Power_Y	Reactive_Power_B	Total_Reactive_Power	Total_Apparent_Power	Active_Energy	Reactive_Energy	Apparent_Power_R	Apparent_Power_Y	Apparent_Power_B	Reactive_Energy2	Maximum_Active_Power	Minimum_Active_Power	Maximum_Reactive_Power	Minimum_Reactive_Power	Maximum_Apparent_Power	Wh_Received	VAh_Received	VARh_Inductive_Received	VARh_Capacitive_Received	Energy_Export1	VAh_Delivered	VARh_Ind_Delivered	VARh_Cap_Delivered	THD	Active_Total_Import	Active_Total_Export	Apparent_Import	Aparent_Export	Energy_Today	m1	Energy_Import	Energy_Export	m66	Total_KW_Avg
2019-01-28 09:20:00	CT08	2019-01-28 09:16:47	0.0	12.0	1.0	NA	242.9546204	240.1353455	240.6544342	241.2481333	418.7627563	415.5218201	419.2792969	417.8546244	499.1109009	498.2854004	498.141571	NA	498.5126241	NA	NA	NA	49.8136444	NA	NA	NA	1.0007839	121.1681519	119.5397186	119.8042297	360.512085	NA	NA	NA	-14.2853012	360.7950134	NA	NA	NA	NA	NA	NA	NA	NA	NA	NA	NA	NA	NA	NA	NA	NA	NA	NA	NA	NA	NA	NA	NA	NA	NA	NA	714982.0	2657512647.0	4.0	NA
2019-01-28 10:15:00	CT08	2019-01-28 10:14:22	0.0	12.0	1.0	NA	243.3857727	240.1861267	240.2085876	241.2601624	418.9654846	415.2483215	419.4161072	417.8766378	747.6635742	743.3969727	742.3352051	NA	744.4652507	NA	NA	NA	49.9659538	NA	NA	NA	1.0002	181.9332275	178.5132904	178.2848969	538.7314453	NA	NA	NA	-10.7791538	538.8392334	NA	NA	NA	NA	NA	NA	NA	NA	NA	NA	NA	NA	NA	NA	NA	NA	NA	NA	NA	NA	NA	NA	NA	NA	NA	NA	714982.0	2657952124.0	4.0	NA
2019-01-28 11:10:00	CT08	2019-01-28 11:10:01	0.0	12.0	1.0	NA	245.8787994	242.2711995	242.2186686	243.4562225	422.9408264	418.8389791	423.26415	421.6813185	916.3511963	913.4938965	912.5564372	NA	914.1338433	NA	NA	NA	50.0414467	NA	NA	NA	1.0004457	225.2051137	221.197993	220.9586792	667.3617757	NA	NA	NA	-19.8982309	667.6594238	NA	NA	NA	NA	NA	NA	NA	NA	NA	NA	NA	NA	NA	NA	NA	NA	NA	NA	NA	NA	NA	NA	NA	NA	NA	NA	714982.0	2658497867.6666665	4.0	NA
2019-01-28 11:15:00	CT08	2019-01-28 11:15:23	0.0	12.0	1.0	NA	245.5729675	241.7633858	242.0952721	243.1438751	422.0545578	418.3065262	423.0591736	421.1400859	921.462616	918.228775	917.2357635	NA	918.9757182	NA	NA	NA	50.0808659	NA	NA	NA	1.0004033	226.187088	221.8971443	221.9827232	670.0669556	NA	NA	NA	-19.029655	670.3372345	NA	NA	NA	NA	NA	NA	NA	NA	NA	NA	NA	NA	NA	NA	NA	NA	NA	NA	NA	NA	NA	NA	NA	NA	NA	NA	714982.0	2658550074.0	4.0	NA
2019-01-28 11:20:00	CT08	2019-01-28 11:20:46	0.0	12.0	1.0	NA	246.0867081	242.3009148	242.5187798	243.6354675	422.9780426	419.1629944	423.8333054	421.9914474	940.0860138	937.1629791	936.1023254	NA	937.7837728	NA	NA	NA	50.1088266	NA	NA	NA	1.0004428	231.2312546	226.9627609	226.9397087	685.1337128	NA	NA	NA	-20.3493185	685.437561	NA	NA	NA	NA	NA	NA	NA	NA	NA	NA	NA	NA	NA	NA	NA	NA	NA	NA	NA	NA	NA	NA	NA	NA	NA	NA	714982.0	2658610337.5	4.0	NA
2019-01-28 11:25:00	CT08	2019-01-28 11:24:46	0.0	12.0	1.0	NA	246.5929718	242.8200022	242.9275818	244.1135186	423.9096883	419.9170125	424.6328227	422.8198412	946.2978516	944.2272949	943.2930298	NA	944.6060588	NA	NA	NA	50.0973142	NA	NA	NA	1.0004497	233.2362264	229.1590474	229.0714264	691.4666951	NA	NA	NA	-20.6312243	691.7775675	NA	NA	NA	NA	NA	NA	NA	NA	NA	NA	NA	NA	NA	NA	NA	NA	NA	NA	NA	NA	NA	NA	NA	NA	NA	NA	714982.0	2658663987.3333335	4.0	NA
2019-01-28 11:30:00	CT08	2019-01-28 11:30:07	0.0	12.0	1.0	NA	246.8859177	243.1065254	243.18647	244.392971	424.4509125	420.3851547	425.0756149	423.303894	950.8482819	948.1053925	946.9992828	NA	948.6509857	NA	NA	NA	50.0603962	NA	NA	NA	1.0004492	234.6441269	230.3704453	230.2112541	695.2258301	NA	NA	NA	-20.8302808	695.5381012	NA	NA	NA	NA	NA	NA	NA	NA	NA	NA	NA	NA	NA	NA	NA	NA	NA	NA	NA	NA	NA	NA	NA	NA	NA	NA	714982.0	2658717907.0	4.0	NA
2019-01-28 11:35:00	CT08	2019-01-28 11:35:29	0.0	12.0	1.0	NA	246.6217079	243.0279083	242.7615967	244.137071	424.2406082	420.0013885	424.3398666	422.8606211	957.7245789	956.1874542	955.3305054	NA	956.4141795	NA	NA	NA	50.0329752	NA	NA	NA	1.0004997	236.0706062	232.2424774	231.8211288	700.134201	NA	NA	NA	-22.1100087	700.4846344	NA	NA	NA	NA	NA	NA	NA	NA	NA	NA	NA	NA	NA	NA	NA	NA	NA	NA	NA	NA	NA	NA	NA	NA	NA	NA	714982.0	2658780004.5	4.0	NA
2019-01-28 11:40:00	CT08	2019-01-28 11:40:48	0.0	12.0	1.0	NA	246.5880585	242.9050179	242.8747902	244.1226222	424.0315323	420.0130844	424.4619522	422.835523	966.2819061	965.2675171	964.4136963	NA	965.3210398	NA	NA	NA	50.0358992	NA	NA	NA	1.0005665	238.135479	234.3164482	234.1296616	706.5815887	NA	NA	NA	-23.7245321	706.9817505	NA	NA	NA	NA	NA	NA	NA	NA	NA	NA	NA	NA	NA	NA	NA	NA	NA	NA	NA	NA	NA	NA	NA	NA	NA	NA	714982.0	2658842575.5	4.0	NA
2019-01-28 11:45:00	CT08	2019-01-28 11:44:49	0.0	12.0	1.0	NA	247.1596883	243.4812978	243.3103943	244.6504601	425.0397847	420.8672485	425.3430888	423.7500407	988.3388265	985.7242839	984.5463053	NA	986.2031386	NA	NA	NA	50.0316887	NA	NA	NA	1.0004226	244.1689606	239.890096	239.466212	723.5252686	NA	NA	NA	-20.9318358	723.8311564	NA	NA	NA	NA	NA	NA	NA	NA	NA	NA	NA	NA	NA	NA	NA	NA	NA	NA	NA	NA	NA	NA	NA	NA	NA	NA	714982.0	2658898581.6666665	4.0	NA
2019-01-28 11:50:00	CT08	2019-01-28 11:49:42	0.0	12.0	1.0	NA	246.6666565	242.9182638	242.7873789	244.1240997	424.1626689	419.9153239	424.4371033	422.8383653	989.6130981	987.5752767	986.3425903	NA	987.8436551	NA	NA	NA	49.9727503	NA	NA	NA	1.000551	243.9672089	239.7453054	239.3660787	723.0785929	NA	NA	NA	-23.9777584	723.4769491	NA	NA	NA	NA	NA	NA	NA	NA	NA	NA	NA	NA	NA	NA	NA	NA	NA	NA	NA	NA	NA	NA	NA	NA	NA	NA	714982.0	2658953767.3333335	4.0	NA
2019-01-28 11:55:00	CT08	2019-01-28 11:55:01	0.0	12.0	1.0	NA	246.5668793	242.8854866	242.6174049	244.0232569	424.0637054	419.7514877	424.1760788	422.6637573	989.8708954	987.2781372	986.0814667	NA	987.7434998	NA	NA	NA	49.9894943	NA	NA	NA	1.0004717	243.9512291	239.6683159	239.1439514	722.763504	NA	NA	NA	-22.1576242	723.1046143	NA	NA	NA	NA	NA	NA	NA	NA	NA	NA	NA	NA	NA	NA	NA	NA	NA	NA	NA	NA	NA	NA	NA	NA	NA	NA	714982.0	2659013624.5	4.0	NA
2019-01-28 12:00:00	CT08	2019-01-28 12:00:24	0.0	12.0	1.0	NA	247.4204025	243.5943832	243.6591873	244.8913244	425.3019791	421.2557526	425.9435043	424.1670787	988.0179596	984.9038696	983.65448	NA	985.5254364	NA	NA	NA	50.0981884	NA	NA	NA	1.0004593	244.3375015	239.7949409	239.5817223	723.7141571	NA	NA	NA	-21.9205923	724.0467072	NA	NA	NA	NA	NA	NA	NA	NA	NA	NA	NA	NA	NA	NA	NA	NA	NA	NA	NA	NA	NA	NA	NA	NA	NA	NA	714982.0	2659078013.25	4.0	NA
2019-01-28 12:05:00	CT08	2019-01-28 12:05:42	0.0	12.0	1.0	NA	247.7556915	243.7796822	243.9540787	245.1631508	425.7431564	421.6374588	426.5336075	424.6380742	991.6033936	989.6746368	988.5850525	NA	989.954361	NA	NA	NA	50.0603857	NA	NA	NA	1.000507	245.5405159	241.1225967	241.0718002	727.7349243	NA	NA	NA	-23.1646743	728.1042328	NA	NA	NA	NA	NA	NA	NA	NA	NA	NA	NA	NA	NA	NA	NA	NA	NA	NA	NA	NA	NA	NA	NA	NA	NA	NA	714982.0	2659142700.75	4.0	NA
2019-01-28 12:10:00	CT08	2019-01-28 12:09:44	0.0	12.0	1.0	NA	247.1946004	243.3101705	243.2719065	244.5922258	424.9050903	420.6720072	425.3702189	423.6491055	1000.6423747	998.8241374	997.7756144	NA	999.0807088	NA	NA	NA	49.9531441	NA	NA	NA	1.0005014	247.2201385	242.8821411	242.6317139	732.7340088	NA	NA	NA	-23.1642729	733.101827	NA	NA	NA	NA	NA	NA	NA	NA	NA	NA	NA	NA	NA	NA	NA	NA	NA	NA	NA	NA	NA	NA	NA	NA	NA	NA	714982.0	2659199634.0	4.0	NA
2019-01-28 12:15:00	CT08	2019-01-28 12:15:54	0.0	12.0	1.0	NA	246.7436752	242.9223785	242.8844833	244.1835124	424.2047119	420.0766907	424.5423584	422.9412537	1019.3024902	1015.2671509	1013.8554382	NA	1016.1416931	NA	NA	NA	49.9332561	NA	NA	NA	1.0003525	251.4159622	246.5386658	246.1699982	744.1246338	NA	NA	NA	-19.7685165	744.387207	NA	NA	NA	NA	NA	NA	NA	NA	NA	NA	NA	NA	NA	NA	NA	NA	NA	NA	NA	NA	NA	NA	NA	NA	NA	NA	714982.0	2659283996.5	4.0	NA
2019-01-28 12:20:00	CT08	2019-01-28 12:19:54	0.0	12.0	1.0	NA	246.9813995	243.217514	243.1488037	244.4492391	424.6139526	420.5410919	425.0486755	423.40124	1024.2609558	1021.168335	1019.9194031	NA	1021.7828979	NA	NA	NA	49.9576626	NA	NA	NA	1.000386	252.8678055	248.2603455	247.9072266	749.0353699	NA	NA	NA	-20.8219585	749.3249512	NA	NA	NA	NA	NA	NA	NA	NA	NA	NA	NA	NA	NA	NA	NA	NA	NA	NA	NA	NA	NA	NA	NA	NA	NA	NA	714982.0	2659325342.5	4.0	NA
2019-01-28 12:25:00	CT08	2019-01-28 12:25:16	0.0	12.0	1.0	NA	246.7006989	242.885807	242.9120674	244.1661911	424.0961838	420.1072845	424.5302658	422.9112447	1019.5874634	1016.3033905	1014.8961334	NA	1016.9289958	NA	NA	NA	50.0064812	NA	NA	NA	1.0004295	251.4240646	246.7270622	246.4378624	744.5890045	NA	NA	NA	-21.7500734	744.9088287	NA	NA	NA	NA	NA	NA	NA	NA	NA	NA	NA	NA	NA	NA	NA	NA	NA	NA	NA	NA	NA	NA	NA	NA	NA	NA	714982.0	2659383434.5	4.0	NA
2019-01-28 12:30:00	CT08	2019-01-28 12:30:37	0.0	12.0	1.0	NA	247.7390709	243.9544106	243.8592644	245.1842486	425.9419022	421.8259048	426.2559967	424.6746012	1016.8651276	1014.6039886	1013.6408997	NA	1015.036672	NA	NA	NA	50.0659399	NA	NA	NA	1.000517	251.7814178	247.3691406	247.0791855	746.2297516	NA	NA	NA	-23.8720107	746.6163025	NA	NA	NA	NA	NA	NA	NA	NA	NA	NA	NA	NA	NA	NA	NA	NA	NA	NA	NA	NA	NA	NA	NA	NA	NA	NA	714982.0	2659449839.75	4.0	NA
2019-01-28 12:35:00	CT08	2019-01-28 12:35:57	0.0	12.0	1.0	NA	248.1036072	244.1468086	244.3089142	245.5197767	426.3798676	422.3391418	427.0478287	425.2556127	1011.9738617	1009.5392151	1008.3829651	NA	1009.9653473	NA	NA	NA	50.0191545	NA	NA	NA	1.0004362	250.9591675	246.3534279	246.2678375	743.5804443	NA	NA	NA	-21.9687796	743.9050446	NA	NA	NA	NA	NA	NA	NA	NA	NA	NA	NA	NA	NA	NA	NA	NA	NA	NA	NA	NA	NA	NA	NA	NA	NA	NA	714982.0	2659516291.0	4.0	NA
2019-01-28 12:40:00	CT08	2019-01-28 12:39:58	0.0	12.0	1.0	NA	247.4720357	243.7978007	243.7988129	245.0228831	425.4982402	421.7170919	425.969401	424.394911	1021.7041219	1019.065389	1018.0266317	NA	1019.5987142	NA	NA	NA	49.9582202	NA	NA	NA	1.000463	252.7213898	248.3175507	248.0949758	749.1339315	NA	NA	NA	-22.7981898	749.4811401	NA	NA	NA	NA	NA	NA	NA	NA	NA	NA	NA	NA	NA	NA	NA	NA	NA	NA	NA	NA	NA	NA	NA	NA	NA	NA	714982.0	2659574376.6666665	4.0	NA
2019-01-28 12:45:00	CT08	2019-01-28 12:45:17	0.0	12.0	1.0	NA	247.5356102	243.8059196	243.7124138	245.0179812	425.6176834	421.6319962	425.9095001	424.3863932	1023.2364502	1020.8376007	1019.6670532	NA	1021.2470347	NA	NA	NA	50.0069551	NA	NA	NA	1.0005333	253.1398773	248.73563	248.4006729	750.2761993	NA	NA	NA	-24.4612341	750.6764832	NA	NA	NA	NA	NA	NA	NA	NA	NA	NA	NA	NA	NA	NA	NA	NA	NA	NA	NA	NA	NA	NA	NA	NA	NA	NA	714982.0	2659632682.0	4.0	NA
2019-01-28 12:50:00	CT08	2019-01-28 12:50:41	0.0	12.0	1.0	NA	247.6822014	243.9683228	243.8691597	245.1732279	425.8446503	421.9077148	426.2129135	424.6550929	1024.1160278	1021.9217682	1020.8838501	NA	1022.3072154	NA	NA	NA	49.9979715	NA	NA	NA	1.000489	253.5237808	249.1754684	248.8635445	751.5627747	NA	NA	NA	-23.4853096	751.9307404	NA	NA	NA	NA	NA	NA	NA	NA	NA	NA	NA	NA	NA	NA	NA	NA	NA	NA	NA	NA	NA	NA	NA	NA	NA	NA	714982.0	2659699605.25	4.0	NA
2019-01-28 12:55:00	CT08	2019-01-28 12:55:31	0.0	12.0	1.0	NA	248.0520681	244.2871755	244.2807312	245.5399916	426.4046529	422.4605916	427.0069478	425.2907308	1022.6065063	1019.5779419	1018.5805664	NA	1020.2550049	NA	NA	NA	49.9773687	NA	NA	NA	1.0004034	253.5520935	248.9600321	248.7341054	751.2462362	NA	NA	NA	-21.3440889	751.5494588	NA	NA	NA	NA	NA	NA	NA	NA	NA	NA	NA	NA	NA	NA	NA	NA	NA	NA	NA	NA	NA	NA	NA	NA	NA	NA	714982.0	2659761752.0	4.0	NA
2019-01-28 13:00:00	CT08	2019-01-28 13:00:50	0.0	12.0	1.0	NA	248.7826958	245.1479416	245.0216789	246.3174388	427.8272934	423.8865967	428.1973038	426.6370646	1015.2308655	1012.6075287	1011.7047272	NA	1013.1810404	NA	NA	NA	50.1044102	NA	NA	NA	1.0004555	252.4541206	248.1121674	247.7903786	748.3566589	NA	NA	NA	-22.5624986	748.6977539	NA	NA	NA	NA	NA	NA	NA	NA	NA	NA	NA	NA	NA	NA	NA	NA	NA	NA	NA	NA	NA	NA	NA	NA	NA	NA	714982.0	2659827303.25	4.0	NA
2019-01-28 13:05:00	CT08	2019-01-28 13:04:50	0.0	12.0	1.0	NA	248.7682495	245.1354268	244.9592997	246.2876587	427.8296814	423.7968343	428.1300049	426.5855069	1005.0419515	1001.3583577	1000.291687	NA	1002.2306654	NA	NA	NA	50.1171227	NA	NA	NA	1.0004381	249.9120229	245.3518982	244.9353943	740.1993205	NA	NA	NA	-21.8484058	740.5236003	NA	NA	NA	NA	NA	NA	NA	NA	NA	NA	NA	NA	NA	NA	NA	NA	NA	NA	NA	NA	NA	NA	NA	NA	NA	NA	714982.0	2659885383.6666665	4.0	NA
2019-01-28 13:10:00	CT08	2019-01-28 13:10:14	0.0	12.0	1.0	NA	248.3833504	244.5721092	244.5673065	245.840922	426.9922867	422.9646149	427.4781494	425.8116837	1016.4893494	1013.8014221	1013.0090637	NA	1014.4332784	NA	NA	NA	50.0035858	NA	NA	NA	1.000513	252.3450356	247.8032036	247.6413193	747.789566	NA	NA	NA	-23.9434471	748.1732941	NA	NA	NA	NA	NA	NA	NA	NA	NA	NA	NA	NA	NA	NA	NA	NA	NA	NA	NA	NA	NA	NA	NA	NA	NA	NA	714982.0	2659943193.25	4.0	NA
2019-01-28 13:15:00	CT08	2019-01-28 13:15:33	0.0	12.0	1.0	NA	248.6328812	245.0487785	244.8711243	246.1842613	427.6446609	423.6727371	427.9016342	426.4063441	1010.1790619	1007.3035431	1006.469986	NA	1007.984197	NA	NA	NA	50.0324345	NA	NA	NA	1.0004467	251.0465813	246.7170982	246.3595276	744.1232147	NA	NA	NA	-22.2430005	744.45578	NA	NA	NA	NA	NA	NA	NA	NA	NA	NA	NA	NA	NA	NA	NA	NA	NA	NA	NA	NA	NA	NA	NA	NA	NA	NA	714982.0	2660009618.0	4.0	NA
2019-01-28 13:20:00	CT08	2019-01-28 13:20:53	0.0	12.0	1.0	NA	247.9609261	244.2564507	244.2531738	245.4901835	426.3446198	422.4626236	426.8051453	425.2041295	1003.8132172	1000.7745667	999.8047028	NA	1001.4641622	NA	NA	NA	50.0975943	NA	NA	NA	1.0004883	248.7815285	244.3170509	244.0972672	737.1958466	NA	NA	NA	-23.0149283	737.5561218	NA	NA	NA	NA	NA	NA	NA	NA	NA	NA	NA	NA	NA	NA	NA	NA	NA	NA	NA	NA	NA	NA	NA	NA	NA	NA	714982.0	2660075792.0	4.0	NA
2019-01-28 13:25:00	CT08	2019-01-28 13:24:55	0.0	12.0	1.0	NA	248.4215546	244.5809072	244.741272	245.9145779	427.0221151	423.1154785	427.6804504	425.939348	990.4098104	987.551534	986.5576579	NA	988.1730008	NA	NA	NA	50.1462097	NA	NA	NA	1.0005294	245.9042562	241.3916219	241.3412577	728.6371257	NA	NA	NA	-23.6665465	729.023112	NA	NA	NA	NA	NA	NA	NA	NA	NA	NA	NA	NA	NA	NA	NA	NA	NA	NA	NA	NA	NA	NA	NA	NA	NA	NA	714982.0	2660132937.6666665	4.0	NA
2019-01-28 13:30:00	CT08	2019-01-28 13:30:13	0.0	12.0	1.0	NA	248.5361366	244.6547737	244.9115639	246.0341581	427.2012787	423.2843552	427.954155	426.1465963	979.67099	977.5164032	976.6348877	NA	977.9407603	NA	NA	NA	50.1127615	NA	NA	NA	1.0005243	243.3525543	239.0119286	239.0823135	721.4467773	NA	NA	NA	-23.2641578	721.8256226	NA	NA	NA	NA	NA	NA	NA	NA	NA	NA	NA	NA	NA	NA	NA	NA	NA	NA	NA	NA	NA	NA	NA	NA	NA	NA	714982.0	2660189686.25	4.0	NA
2019-01-28 13:35:00	CT08	2019-01-28 13:34:16	0.0	12.0	1.0	NA	248.3761342	244.6769104	244.8173523	245.956799	427.0504049	423.2690837	427.7171427	426.0122104	979.8124186	977.3938395	976.5712484	NA	977.9258355	NA	NA	NA	50.0656827	NA	NA	NA	1.000489	243.2382914	239.0165507	238.9799805	721.2348022	NA	NA	NA	-22.5397669	721.587972	NA	NA	NA	NA	NA	NA	NA	NA	NA	NA	NA	NA	NA	NA	NA	NA	NA	NA	NA	NA	NA	NA	NA	NA	NA	NA	714982.0	2660245791.6666665	4.0	NA
2019-01-28 13:40:00	CT08	2019-01-28 13:40:27	0.0	12.0	1.0	NA	247.8565598	244.0481453	244.2439308	245.3828786	426.0044403	422.1813202	426.8691101	425.0182902	973.062088	970.8451385	970.0391541	NA	971.3154602	NA	NA	NA	50.0367241	NA	NA	NA	1.000576	241.0336914	236.7822266	236.8189392	714.6348419	NA	NA	NA	-24.2062964	715.0464783	NA	NA	NA	NA	NA	NA	NA	NA	NA	NA	NA	NA	NA	NA	NA	NA	NA	NA	NA	NA	NA	NA	NA	NA	NA	NA	714982.0	2660312516.75	4.0	NA
2019-01-28 13:45:00	CT08	2019-01-28 13:45:50	0.0	12.0	1.0	NA	247.7270889	244.0065536	244.0529747	245.2622058	425.8929825	421.9761429	426.5589447	424.8093567	973.6524353	971.0042419	970.1291504	NA	971.5952759	NA	NA	NA	50.0120859	NA	NA	NA	1.0004613	241.0819702	236.8140182	236.667614	714.5635986	NA	NA	NA	-21.675992	714.8935242	NA	NA	NA	NA	NA	NA	NA	NA	NA	NA	NA	NA	NA	NA	NA	NA	NA	NA	NA	NA	NA	NA	NA	NA	NA	NA	714982.0	2660375831.0	4.0	NA
2019-01-28 13:50:00	CT08	2019-01-28 13:49:50	0.0	12.0	1.0	NA	247.621582	243.8027751	244.052592	245.158983	425.5621948	421.7945557	426.534434	424.6303948	970.7363892	968.1877848	967.2141317	NA	968.7127686	NA	NA	NA	50.0233383	NA	NA	NA	1.0005507	240.2386169	235.8986003	235.9470011	712.0842285	NA	NA	NA	-23.6394011	712.4766439	NA	NA	NA	NA	NA	NA	NA	NA	NA	NA	NA	NA	NA	NA	NA	NA	NA	NA	NA	NA	NA	NA	NA	NA	NA	NA	714982.0	2660431432.6666665	4.0	NA
2019-01-28 13:55:00	CT08	2019-01-28 13:55:12	0.0	12.0	1.0	NA	247.7156448	244.0903664	244.0317459	245.2792524	426.0479813	422.036232	426.4317627	424.8386587	954.9332275	952.9231415	952.2340088	NA	953.3634593	NA	NA	NA	50.0430422	NA	NA	NA	1.0005077	236.4297104	232.4672813	232.2786522	701.1756439	NA	NA	NA	-22.2619019	701.5321808	NA	NA	NA	NA	NA	NA	NA	NA	NA	NA	NA	NA	NA	NA	NA	NA	NA	NA	NA	NA	NA	NA	NA	NA	NA	NA	714982.0	2660486752.25	4.0	NA
2019-01-28 14:00:00	CT08	2019-01-28 14:00:37	0.0	12.0	1.0	NA	247.5412445	243.8346939	243.967308	245.1144155	425.5899506	421.7372589	426.3329315	424.5533803	950.546463	946.5564575	945.525116	NA	947.5426788	NA	NA	NA	49.9814777	NA	NA	NA	1.0004373	235.1914177	230.6929932	230.5862312	696.4706421	NA	NA	NA	-20.5645947	696.7752991	NA	NA	NA	NA	NA	NA	NA	NA	NA	NA	NA	NA	NA	NA	NA	NA	NA	NA	NA	NA	NA	NA	NA	NA	NA	NA	714982.0	2660548942.0	4.0	NA
2019-01-28 14:05:00	CT08	2019-01-28 14:04:34	0.0	12.0	1.0	NA	247.6150767	243.7666829	244.2409159	245.2075585	425.5295919	421.9753927	426.638621	424.7145352	951.8522746	947.614034	946.4375	NA	948.6346029	NA	NA	NA	50.0121676	NA	NA	NA	1.0004487	235.5847015	230.8856099	231.0655721	697.5358887	NA	NA	NA	-20.8963916	697.8488159	NA	NA	NA	NA	NA	NA	NA	NA	NA	NA	NA	NA	NA	NA	NA	NA	NA	NA	NA	NA	NA	NA	NA	NA	NA	NA	714982.0	2660603268.6666665	4.0	NA
2019-01-28 14:10:00	CT08	2019-01-28 14:09:54	0.0	12.0	1.0	NA	247.4405212	243.5833435	243.9214287	244.9817645	425.2720184	421.4490891	426.2498703	424.3236593	925.7764435	924.8293304	924.384903	NA	924.9968923	NA	NA	NA	49.950223	NA	NA	NA	1.0005437	228.9411888	225.1308823	225.3821373	679.4541931	NA	NA	NA	-22.3403926	679.8238373	NA	NA	NA	NA	NA	NA	NA	NA	NA	NA	NA	NA	NA	NA	NA	NA	NA	NA	NA	NA	NA	NA	NA	NA	NA	NA	714982.0	2660656941.25	4.0	NA
2019-01-28 14:15:00	CT08	2019-01-28 14:15:14	0.0	12.0	1.0	NA	246.4149704	242.659874	242.9405823	244.0051422	423.5690231	419.8730316	424.4536667	422.6319071	933.3633423	929.6475677	928.753006	NA	930.587972	NA	NA	NA	49.8924074	NA	NA	NA	1.0003927	229.9003677	225.4920883	225.5512962	680.9437256	NA	NA	NA	-18.8312759	681.2108459	NA	NA	NA	NA	NA	NA	NA	NA	NA	NA	NA	NA	NA	NA	NA	NA	NA	NA	NA	NA	NA	NA	NA	NA	NA	NA	714982.0	2660717503.25	4.0	NA
2019-01-28 14:20:00	CT08	2019-01-28 14:20:10	0.0	12.0	1.0	NA	246.4232737	242.6318766	243.0581512	244.0377672	423.5325623	419.8840637	424.648641	422.6884223	912.4759725	910.7342326	910.2015584	NA	911.1372545	NA	NA	NA	49.847978	NA	NA	NA	1.000547	224.7219442	220.8332214	221.1381785	666.6933594	NA	NA	NA	-21.9933592	667.0580851	NA	NA	NA	NA	NA	NA	NA	NA	NA	NA	NA	NA	NA	NA	NA	NA	NA	NA	NA	NA	NA	NA	NA	NA	NA	NA	714982.0	2660779894.0	4.0	NA
2019-01-28 14:25:00	CT08	2019-01-28 14:25:30	0.0	12.0	1.0	NA	246.5618973	242.8491058	243.1004181	244.1704737	423.8924713	420.1042099	424.7578659	422.9181824	915.562027	914.4079132	913.8709564	NA	914.6136322	NA	NA	NA	49.8782129	NA	NA	NA	1.0005034	225.6207008	221.9328918	222.0768509	669.6304321	NA	NA	NA	-20.8559713	669.9669495	NA	NA	NA	NA	NA	NA	NA	NA	NA	NA	NA	NA	NA	NA	NA	NA	NA	NA	NA	NA	NA	NA	NA	NA	NA	NA	714982.0	2660831911.75	4.0	NA
2019-01-28 14:30:00	CT08	2019-01-28 14:30:55	0.0	12.0	1.0	NA	246.3380966	242.568531	242.9969635	243.9678637	423.3587189	419.7657394	424.5771561	422.5672048	902.4829254	899.6122894	898.7745056	NA	900.2899068	NA	NA	NA	49.8763361	NA	NA	NA	1.0003945	222.2214394	218.1219864	218.3280945	658.671524	NA	NA	NA	-18.4672318	658.9313812	NA	NA	NA	NA	NA	NA	NA	NA	NA	NA	NA	NA	NA	NA	NA	NA	NA	NA	NA	NA	NA	NA	NA	NA	NA	NA	714982.0	2660891381.75	4.0	NA
2019-01-28 14:35:00	CT08	2019-01-28 14:34:50	0.0	12.0	1.0	NA	246.8218587	243.3498433	243.4141439	244.5286153	424.5188192	420.8074544	425.2884318	423.5382351	890.2323608	887.4843547	886.697876	NA	888.1381972	NA	NA	NA	50.008709	NA	NA	NA	1.0004397	219.6231791	215.8645274	215.759196	651.2469076	NA	NA	NA	-19.2567844	651.5336507	NA	NA	NA	NA	NA	NA	NA	NA	NA	NA	NA	NA	NA	NA	NA	NA	NA	NA	NA	NA	NA	NA	NA	NA	NA	NA	714982.0	2660942313.0	4.0	NA
2019-01-28 14:40:00	CT08	2019-01-28 14:40:15	0.0	12.0	1.0	NA	246.5036392	242.877018	243.1763306	244.1856626	423.8486023	420.1656494	424.8186111	422.9442876	880.4839172	876.9769897	876.09375	NA	877.8515523	NA	NA	NA	49.9364433	NA	NA	NA	1.0003207	216.9680099	212.9248619	212.985939	642.8788147	NA	NA	NA	-16.2356067	643.0851288	NA	NA	NA	NA	NA	NA	NA	NA	NA	NA	NA	NA	NA	NA	NA	NA	NA	NA	NA	NA	NA	NA	NA	NA	NA	NA	714982.0	2660992579.75	4.0	NA
2019-01-28 14:45:00	CT08	2019-01-28 14:45:30	0.0	12.0	1.0	NA	246.2030945	242.5138245	243.0079803	243.9082998	423.1715393	419.7085063	424.5113118	422.4637858	870.5397746	866.8454793	865.8033244	NA	867.7295261	NA	NA	NA	49.8984121	NA	NA	NA	1.000447	214.2281647	210.1223653	210.3176219	634.6681722	NA	NA	NA	-18.8355357	634.9517212	NA	NA	NA	NA	NA	NA	NA	NA	NA	NA	NA	NA	NA	NA	NA	NA	NA	NA	NA	NA	NA	NA	NA	NA	NA	NA	714982.0	2661052028.0	4.0	NA
2019-01-28 14:50:00	CT08	2019-01-28 14:50:55	0.0	12.0	1.0	NA	246.3572617	242.7479973	243.0565033	244.0539207	423.6697159	419.9004364	424.5783157	422.716156	838.9705811	834.9471588	834.0092468	NA	835.9756622	NA	NA	NA	49.9385376	NA	NA	NA	1.0003188	206.6185265	202.6116219	202.6508636	611.8810272	NA	NA	NA	-15.3015003	612.0758972	NA	NA	NA	NA	NA	NA	NA	NA	NA	NA	NA	NA	NA	NA	NA	NA	NA	NA	NA	NA	NA	NA	NA	NA	NA	NA	714982.0	2661105254.0	4.0	NA
2019-01-28 14:55:00	CT08	2019-01-28 14:54:51	0.0	12.0	1.0	NA	246.4519043	242.9890798	243.2136485	244.2182109	423.9677226	420.2833455	424.7503866	423.0004849	831.8821208	829.6205037	829.0090942	NA	830.1705729	NA	NA	NA	49.9665782	NA	NA	NA	1.0005064	204.9087118	201.4686737	201.5457204	607.923116	NA	NA	NA	-19.2273254	608.2308553	NA	NA	NA	NA	NA	NA	NA	NA	NA	NA	NA	NA	NA	NA	NA	NA	NA	NA	NA	NA	NA	NA	NA	NA	NA	NA	714982.0	2661152734.3333335	4.0	NA
2019-01-28 15:00:00	CT08	2019-01-28 14:59:46	0.0	12.0	1.0	NA	246.1703898	242.7692159	242.875707	243.9384376	423.6975606	419.7998556	424.0502523	422.5158895	821.393453	819.5135701	818.9597778	NA	819.9556003	NA	NA	NA	49.9941114	NA	NA	NA	1.000537	202.090566	198.8261007	198.8188985	599.7355754	NA	NA	NA	-19.6546733	600.0576579	NA	NA	NA	NA	NA	NA	NA	NA	NA	NA	NA	NA	NA	NA	NA	NA	NA	NA	NA	NA	NA	NA	NA	NA	NA	NA	714982.0	2661198868.6666665	4.0	NA
2019-01-28 15:05:00	CT08	2019-01-28 15:05:03	0.0	12.0	1.0	NA	246.3517799	242.8848953	243.1363335	244.1243362	423.8717041	420.0904388	424.5513	422.8378143	798.313324	795.8779602	795.4280548	NA	796.5397797	NA	NA	NA	50.0237083	NA	NA	NA	1.0004905	196.5601768	193.1913567	193.3122482	583.0637817	NA	NA	NA	-18.1206384	583.3512115	NA	NA	NA	NA	NA	NA	NA	NA	NA	NA	NA	NA	NA	NA	NA	NA	NA	NA	NA	NA	NA	NA	NA	NA	NA	NA	714982.0	2661248161.5	4.0	NA
2019-01-28 15:10:00	CT08	2019-01-28 15:10:24	0.0	12.0	1.0	NA	245.9729805	242.6663017	242.7355003	243.7915942	423.5192947	419.513298	423.7518387	422.2614772	763.5033264	761.7636414	761.3923798	NA	762.2197825	NA	NA	NA	49.9988308	NA	NA	NA	1.0005362	187.6987305	184.73806	184.7378616	557.1746368	NA	NA	NA	-18.205945	557.4733582	NA	NA	NA	NA	NA	NA	NA	NA	NA	NA	NA	NA	NA	NA	NA	NA	NA	NA	NA	NA	NA	NA	NA	NA	NA	NA	714982.0	2661298819.0	4.0	NA
2019-01-28 15:15:00	CT08	2019-01-28 15:15:49	0.0	12.0	1.0	NA	246.0743599	242.85392	243.0682945	243.9988581	423.7089767	420.0104752	424.1413116	422.6202545	738.7971954	737.0092163	736.6790161	NA	737.4951426	NA	NA	NA	49.994524	NA	NA	NA	1.0005695	181.6908798	178.8631363	178.9824791	539.5364838	NA	NA	NA	-18.2024508	539.8438568	NA	NA	NA	NA	NA	NA	NA	NA	NA	NA	NA	NA	NA	NA	NA	NA	NA	NA	NA	NA	NA	NA	NA	NA	NA	NA	714982.0	2661347607.25	4.0	NA
2019-01-28 15:20:00	CT08	2019-01-28 15:19:53	0.0	12.0	1.0	NA	245.4317678	241.9663086	242.5496216	243.3158993	422.2057292	418.7624207	423.3430684	421.4370728	739.8474731	738.7478434	738.4644165	NA	739.019911	NA	NA	NA	49.9763234	NA	NA	NA	1.000591	181.4650116	178.6244456	179.0356852	539.1251424	NA	NA	NA	-18.4816271	539.4440104	NA	NA	NA	NA	NA	NA	NA	NA	NA	NA	NA	NA	NA	NA	NA	NA	NA	NA	NA	NA	NA	NA	NA	NA	NA	NA	714982.0	2661389592.0	4.0	NA
2019-01-28 15:25:00	CT08	2019-01-28 15:25:06	0.0	12.0	1.0	NA	244.8691521	241.5096283	242.0189476	242.7992427	421.4074936	417.9499207	422.2696304	420.5423482	726.5164185	725.6299744	725.4023285	NA	725.8495738	NA	NA	NA	49.9356346	NA	NA	NA	1.0006192	177.78405	175.1194649	175.4749527	528.378479	NA	NA	NA	-18.5684667	528.7061768	NA	NA	NA	NA	NA	NA	NA	NA	NA	NA	NA	NA	NA	NA	NA	NA	NA	NA	NA	NA	NA	NA	NA	NA	NA	NA	714982.0	2661430974.75	4.0	NA
2019-01-28 15:30:00	CT08	2019-01-28 15:30:25	0.0	12.0	1.0	NA	245.3047129	241.9961141	242.3946991	243.231842	422.2673136	418.5954997	423.012441	421.2917514	702.8283895	700.261495	699.9249064	NA	701.0049303	NA	NA	NA	49.9655978	NA	NA	NA	1.0004777	172.3212077	169.3692424	169.5859121	511.2763672	NA	NA	NA	-15.7033822	511.520579	NA	NA	NA	NA	NA	NA	NA	NA	NA	NA	NA	NA	NA	NA	NA	NA	NA	NA	NA	NA	NA	NA	NA	NA	NA	NA	714982.0	2661475292.3333335	4.0	NA
2019-01-28 15:35:00	CT08	2019-01-28 15:35:49	0.0	12.0	1.0	NA	245.5617256	242.3574028	242.5979156	243.5056814	422.9177551	419.0531998	423.3257141	421.7655563	676.5926971	674.7535095	674.6235962	NA	675.3232676	NA	NA	NA	50.0031109	NA	NA	NA	1.0005243	166.0593643	163.4305992	163.5883369	493.0783157	NA	NA	NA	-15.9678323	493.3371277	NA	NA	NA	NA	NA	NA	NA	NA	NA	NA	NA	NA	NA	NA	NA	NA	NA	NA	NA	NA	NA	NA	NA	NA	NA	NA	714982.0	2661521753.0	4.0	NA
2019-01-28 15:40:00	CT08	2019-01-28 15:40:42	0.0	12.0	1.0	NA	245.049408	241.8594259	242.1428477	243.0172272	422.005422	418.2582397	422.4955343	420.919732	660.1687012	656.4410807	655.9115804	NA	657.5071208	NA	NA	NA	49.9677989	NA	NA	NA	1.000417	161.7064412	158.6965434	158.7604167	479.1634013	NA	NA	NA	-13.8449914	479.3634135	NA	NA	NA	NA	NA	NA	NA	NA	NA	NA	NA	NA	NA	NA	NA	NA	NA	NA	NA	NA	NA	NA	NA	NA	NA	NA	714982.0	2661564153.6666665	4.0	NA
2019-01-28 15:45:00	CT08	2019-01-28 15:44:45	0.0	12.0	1.0	NA	244.2511215	241.1551361	241.4453659	242.2838745	420.8091583	417.0966644	421.0426331	419.6494853	638.3300171	636.0648804	635.812439	NA	636.7357788	NA	NA	NA	49.9618664	NA	NA	NA	1.0005004	155.8344193	153.3039932	153.4484406	462.586853	NA	NA	NA	-14.634738	462.818512	NA	NA	NA	NA	NA	NA	NA	NA	NA	NA	NA	NA	NA	NA	NA	NA	NA	NA	NA	NA	NA	NA	NA	NA	NA	NA	714982.0	2661602903.5	4.0	NA
2019-01-28 15:50:00	CT08	2019-01-28 15:50:09	0.0	12.0	1.0	NA	244.4916636	241.4198659	241.7541199	242.5552165	421.2464091	417.5792542	421.5328064	420.1194899	624.1957194	622.5612386	622.3787231	NA	623.0452271	NA	NA	NA	49.958608	NA	NA	NA	1.000571	152.5226186	150.1982574	150.3909149	453.1117961	NA	NA	NA	-15.2720232	453.3701884	NA	NA	NA	NA	NA	NA	NA	NA	NA	NA	NA	NA	NA	NA	NA	NA	NA	NA	NA	NA	NA	NA	NA	NA	NA	NA	714982.0	2661635108.6666665	4.0	NA
2019-01-28 15:55:00	CT08	2019-01-28 15:55:32	0.0	12.0	1.0	NA	243.5014038	240.226415	240.9373322	241.5550503	419.2966105	415.8057556	420.0594991	418.3872884	597.6022339	596.8568319	596.9494629	NA	597.1361762	NA	NA	NA	49.9256999	NA	NA	NA	1.000642	145.4234314	143.271876	143.7498474	432.4451396	NA	NA	NA	-15.4874032	432.7230733	NA	NA	NA	NA	NA	NA	NA	NA	NA	NA	NA	NA	NA	NA	NA	NA	NA	NA	NA	NA	NA	NA	NA	NA	NA	NA	714982.0	2661677636.3333335	4.0	NA
2019-01-28 16:00:00	CT08	2019-01-28 16:00:40	0.0	12.0	1.0	NA	243.8973656	240.8552284	241.3620567	242.0382169	420.1382751	416.7596512	420.7743835	419.2241033	587.271698	584.8957062	584.691864	NA	585.6197561	NA	NA	NA	49.9416914	NA	NA	NA	1.00055	143.1555634	140.7911873	141.0532761	425.0000229	NA	NA	NA	-14.104497	425.2340012	NA	NA	NA	NA	NA	NA	NA	NA	NA	NA	NA	NA	NA	NA	NA	NA	NA	NA	NA	NA	NA	NA	NA	NA	NA	NA	714982.0	2661710906.0	4.0	NA
2019-01-28 16:05:00	CT08	2019-01-28 16:04:46	0.0	12.0	1.0	NA	244.0614471	241.047582	241.6348674	242.2479655	420.5683289	417.1832479	421.0100403	419.5872057	559.8786214	559.5553385	559.6335653	NA	559.6891751	NA	NA	NA	50.0062319	NA	NA	NA	1.0006817	136.5487315	134.7678121	135.1538544	406.4703979	NA	NA	NA	-14.9925938	406.748057	NA	NA	NA	NA	NA	NA	NA	NA	NA	NA	NA	NA	NA	NA	NA	NA	NA	NA	NA	NA	NA	NA	NA	NA	NA	NA	714982.0	2661743170.6666665	4.0	NA
2019-01-28 16:10:00	CT08	2019-01-28 16:09:57	0.0	12.0	1.0	NA	244.1721268	241.3148918	241.7636719	242.4168968	420.8621674	417.4449692	421.3312149	419.8794505	539.2541809	536.9430542	536.7865295	NA	537.6612549	NA	NA	NA	49.9564056	NA	NA	NA	1.000569	131.5976486	129.4912243	129.7113914	390.8002625	NA	NA	NA	-13.1711211	391.0226135	NA	NA	NA	NA	NA	NA	NA	NA	NA	NA	NA	NA	NA	NA	NA	NA	NA	NA	NA	NA	NA	NA	NA	NA	NA	NA	714982.0	2661774125.25	4.0	NA
2019-01-28 16:15:00	CT08	2019-01-28 16:15:22	0.0	12.0	1.0	NA	243.2805786	240.5240059	241.0221596	241.6089147	419.4241943	416.2059784	419.8091888	418.4797872	511.3081665	510.2728577	510.3837814	NA	510.6549352	NA	NA	NA	49.8792849	NA	NA	NA	1.0006705	124.3065453	122.6363754	122.9434853	369.8864059	NA	NA	NA	-13.5506079	370.1345673	NA	NA	NA	NA	NA	NA	NA	NA	NA	NA	NA	NA	NA	NA	NA	NA	NA	NA	NA	NA	NA	NA	NA	NA	NA	NA	714982.0	2661807913.25	4.0	NA
2019-01-28 16:25:00	CT08	2019-01-28 16:25:34	0.0	12.0	1.0	NA	243.4414062	240.6772842	241.3541565	241.8242823	419.6953506	416.5739517	420.2893219	418.8528748	469.7928085	468.3594513	468.3924484	NA	468.8482361	NA	NA	NA	50.0244522	NA	NA	NA	1.0006523	114.2914715	112.6369553	112.9888954	339.9173279	NA	NA	NA	-12.2874055	340.1393356	NA	NA	NA	NA	NA	NA	NA	NA	NA	NA	NA	NA	NA	NA	NA	NA	NA	NA	NA	NA	NA	NA	NA	NA	NA	NA	714982.0	2661868193.5	4.0	NA
2019-01-28 16:30:00	CT08	2019-01-28 16:29:36	0.0	12.0	1.0	NA	243.0409317	240.4002609	241.1016006	241.5142644	419.0845795	416.1489563	419.713028	418.3155212	445.1200104	443.9880371	444.0619965	NA	444.3900146	NA	NA	NA	49.9683266	NA	NA	NA	1.0007185	108.1062546	106.6485748	107.0029793	321.7578125	NA	NA	NA	-12.1687574	321.9885254	NA	NA	NA	NA	NA	NA	NA	NA	NA	NA	NA	NA	NA	NA	NA	NA	NA	NA	NA	NA	NA	NA	NA	NA	NA	NA	714982.0	2661893770.0	4.0	NA
2019-01-28 16:35:00	CT08	2019-01-28 16:35:01	0.0	12.0	1.0	NA	242.4023438	239.7908401	240.6750679	240.9560839	417.9124908	415.3023376	418.8312454	417.3486913	420.3424988	419.3188629	419.4307861	NA	419.6973826	NA	NA	NA	49.9235973	NA	NA	NA	1.000724	101.8164082	100.4662743	100.8869209	303.1696091	NA	NA	NA	-11.5438693	303.3896332	NA	NA	NA	NA	NA	NA	NA	NA	NA	NA	NA	NA	NA	NA	NA	NA	NA	NA	NA	NA	NA	NA	NA	NA	NA	NA	714982.0	2661917897.5	4.0	NA
2019-01-28 16:40:00	CT08	2019-01-28 16:40:17	0.0	12.0	1.0	NA	242.328949	239.533947	240.693943	240.8522797	417.5890045	415.0225449	418.8955917	417.169047	392.7662125	391.584198	391.7495346	NA	392.033315	NA	NA	NA	49.8624992	NA	NA	NA	1.0006493	95.1096706	93.7224426	94.2390652	283.0711823	NA	NA	NA	-10.1639512	283.2557678	NA	NA	NA	NA	NA	NA	NA	NA	NA	NA	NA	NA	NA	NA	NA	NA	NA	NA	NA	NA	NA	NA	NA	NA	NA	NA	714982.0	2661943879.75	4.0	NA
2019-01-28 16:45:00	CT08	2019-01-28 16:45:33	0.0	12.0	1.0	NA	243.1466331	240.5520897	241.4659119	241.7215449	419.3071976	416.5514755	420.1646271	418.6744334	369.0268326	368.0508423	368.2001877	NA	368.4259542	NA	NA	NA	49.9813547	NA	NA	NA	1.0006805	89.6655998	88.4659367	88.8589897	266.9905167	NA	NA	NA	-9.7574687	267.1714478	NA	NA	NA	NA	NA	NA	NA	NA	NA	NA	NA	NA	NA	NA	NA	NA	NA	NA	NA	NA	NA	NA	NA	NA	NA	NA	714982.0	2661968362.25	4.0	NA
2019-01-28 16:50:00	CT08	2019-01-28 16:49:42	0.0	12.0	1.0	NA	243.0003764	240.3888804	241.3556519	241.5816362	419.0175985	416.3119914	419.9667765	418.4321221	347.1917419	345.9988302	346.1608683	NA	346.4504801	NA	NA	NA	50.0595627	NA	NA	NA	1.000617	84.3126653	83.1169434	83.5043793	250.9339905	NA	NA	NA	-8.8167184	251.0888468	NA	NA	NA	NA	NA	NA	NA	NA	NA	NA	NA	NA	NA	NA	NA	NA	NA	NA	NA	NA	NA	NA	NA	NA	NA	NA	714982.0	2661988531.6666665	4.0	NA
2019-01-28 16:55:00	CT08	2019-01-28 16:54:52	0.0	12.0	1.0	NA	242.7152138	240.0763741	241.1117897	241.3011258	418.527359	415.8082428	419.501976	417.9458593	324.3700943	323.3349686	323.5134277	NA	323.7394969	NA	NA	NA	49.9664326	NA	NA	NA	1.00074	78.6696835	77.5616493	77.9561501	234.1874847	NA	NA	NA	-8.9726493	234.3602791	NA	NA	NA	NA	NA	NA	NA	NA	NA	NA	NA	NA	NA	NA	NA	NA	NA	NA	NA	NA	NA	NA	NA	NA	NA	NA	714982.0	2662007325.25	4.0	NA
2019-01-28 17:00:00	CT08	2019-01-28 16:57:46	0.0	12.0	1.0	NA	242.4315542	239.8392792	240.9208374	241.0638902	418.1316325	415.4538066	419.019928	417.5351223	305.5380758	304.8738912	305.0878296	NA	305.1665988	NA	NA	NA	49.8983065	NA	NA	NA	1.000869	74.0045242	73.0500488	73.4504522	220.5050252	NA	NA	NA	-9.1838481	220.6965637	NA	NA	NA	NA	NA	NA	NA	NA	NA	NA	NA	NA	NA	NA	NA	NA	NA	NA	NA	NA	NA	NA	NA	NA	NA	NA	714982.0	2662024933.3333335	4.0	NA
2019-01-28 17:05:00	CT08	2019-01-28 17:05:10	0.0	12.0	1.0	NA	243.4781342	241.0051308	241.959404	242.1475563	420.0582352	417.2849274	420.8926544	419.411939	275.3761368	274.3741074	274.5537567	NA	274.7680003	NA	NA	NA	50.1160631	NA	NA	NA	1.0009437	66.9812679	66.0580578	66.3805504	199.4198761	NA	NA	NA	-8.6676509	199.6083145	NA	NA	NA	NA	NA	NA	NA	NA	NA	NA	NA	NA	NA	NA	NA	NA	NA	NA	NA	NA	NA	NA	NA	NA	NA	NA	714982.0	2662044185.25	4.0	NA
2019-01-28 17:10:00	CT08	2019-01-28 17:10:28	0.0	12.0	1.0	NA	242.7027206	240.3120995	241.3634109	241.4594103	418.7881317	416.2280197	419.6433792	418.2198435	246.703022	245.5333939	245.7506638	NA	245.9956932	NA	NA	NA	50.0018387	NA	NA	NA	1.001132	59.8005285	58.9342012	59.2611341	177.9958649	NA	NA	NA	-8.4617186	178.1971436	NA	NA	NA	NA	NA	NA	NA	NA	NA	NA	NA	NA	NA	NA	NA	NA	NA	NA	NA	NA	NA	NA	NA	NA	NA	NA	714982.0	2662061005.25	4.0	NA
2019-01-28 17:15:00	CT08	2019-01-28 17:15:47	0.0	12.0	1.0	NA	241.8755455	239.3063393	240.5914154	240.5911001	417.1900253	414.6132584	418.3442993	416.715861	221.9646645	221.3341637	221.528389	NA	221.6090724	NA	NA	NA	49.9175081	NA	NA	NA	1.0015122	53.5973396	52.880743	53.2301455	159.7082291	NA	NA	NA	-8.7623234	159.9493675	NA	NA	NA	NA	NA	NA	NA	NA	NA	NA	NA	NA	NA	NA	NA	NA	NA	NA	NA	NA	NA	NA	NA	NA	NA	NA	714982.0	2662075968.5	4.0	NA
2019-01-28 17:20:00	CT08	2019-01-28 17:19:55	0.0	12.0	1.0	NA	241.8344523	239.17954	240.7701976	240.59473	416.9748942	414.6658427	418.5266113	416.7224494	198.7304586	198.5989024	198.7528585	NA	198.6940731	NA	NA	NA	49.9794248	NA	NA	NA	1.0031274	47.8989194	47.3440463	47.724383	142.9673462	NA	NA	NA	-11.2270966	143.4132385	NA	NA	NA	NA	NA	NA	NA	NA	NA	NA	NA	NA	NA	NA	NA	NA	NA	NA	NA	NA	NA	NA	NA	NA	NA	NA	714982.0	2662087828.0	4.0	NA
2019-01-28 17:25:00	CT08	2019-01-28 17:25:08	0.0	12.0	1.0	NA	241.9522667	239.505291	240.8079033	240.7551537	417.4474335	414.9391708	418.6129761	416.9998601	176.1961517	175.5673981	175.7762909	NA	175.8466136	NA	NA	NA	49.952611	NA	NA	NA	1.0071608	42.3357954	41.735343	42.0406294	126.1117668	NA	NA	NA	-14.0203531	127.0106201	NA	NA	NA	NA	NA	NA	NA	NA	NA	NA	NA	NA	NA	NA	NA	NA	NA	NA	NA	NA	NA	NA	NA	NA	NA	NA	714982.0	2662098281.25	4.0	NA
2019-01-28 17:30:00	CT08	2019-01-28 17:30:30	0.0	12.0	1.0	NA	242.0525818	239.5966988	240.9124298	240.8539035	417.678421	415.092926	418.7409439	417.1707637	148.3396759	148.0048866	148.1918907	NA	148.1788177	NA	NA	NA	49.9534492	NA	NA	NA	1.005233	35.713522	35.2583866	35.5275173	106.4994278	NA	NA	NA	-10.6263301	107.056757	NA	NA	NA	NA	NA	NA	NA	NA	NA	NA	NA	NA	NA	NA	NA	NA	NA	NA	NA	NA	NA	NA	NA	NA	NA	NA	714982.0	2662108603.5	4.0	NA
2019-01-28 17:35:00	CT08	2019-01-28 17:35:50	0.0	12.0	1.0	NA	243.0631294	240.8320236	241.8713646	241.9221725	419.685936	417.0081863	420.3690033	419.0210419	124.8928337	124.4066525	124.6282959	NA	124.642594	NA	NA	NA	50.0554857	NA	NA	NA	1.003576	30.2448153	29.8447514	30.0458894	90.1354561	NA	NA	NA	-7.5556754	90.4648972	NA	NA	NA	NA	NA	NA	NA	NA	NA	NA	NA	NA	NA	NA	NA	NA	NA	NA	NA	NA	NA	NA	NA	NA	NA	NA	714982.0	2662117318.25	4.0	NA
2019-01-28 17:40:00	CT08	2019-01-28 17:39:52	0.0	12.0	1.0	NA	242.2053528	239.8876699	241.1912587	241.0947605	418.0665588	415.6650594	419.0319214	417.5878465	105.887469	105.3450572	105.5667648	NA	105.5997637	NA	NA	NA	49.9185727	NA	NA	NA	1.002745	25.5756721	25.1981519	25.4013615	76.1751836	NA	NA	NA	-5.6327408	76.3839849	NA	NA	NA	NA	NA	NA	NA	NA	NA	NA	NA	NA	NA	NA	NA	NA	NA	NA	NA	NA	NA	NA	NA	NA	NA	NA	714982.0	2662123819.0	4.0	NA
2019-01-28 17:45:00	CT08	2019-01-28 17:44:42	0.0	12.0	1.0	NA	242.1505737	239.8773499	241.0279846	241.0186361	417.9889069	415.4735718	418.9062195	417.4562327	84.1702385	83.8169365	84.0524712	NA	84.0132154	NA	NA	NA	49.8279076	NA	NA	NA	1.0048065	20.274642	20.0039988	20.175827	60.4544678	NA	NA	NA	-5.9370131	60.7457676	NA	NA	NA	NA	NA	NA	NA	NA	NA	NA	NA	NA	NA	NA	NA	NA	NA	NA	NA	NA	NA	NA	NA	NA	NA	NA	714982.0	2662130126.5	4.0	NA
2019-01-28 17:50:00	CT08	2019-01-28 17:50:03	0.0	12.0	1.0	NA	242.5555992	240.3231354	241.3739624	241.4175657	418.8612213	416.1259689	419.453476	418.1468887	69.2443256	69.0154572	69.2386198	NA	69.1661342	NA	NA	NA	49.9313622	NA	NA	NA	1.0066265	16.674211	16.4655657	16.6180155	49.7577915	NA	NA	NA	-5.7341969	50.0877428	NA	NA	NA	NA	NA	NA	NA	NA	NA	NA	NA	NA	NA	NA	NA	NA	NA	NA	NA	NA	NA	NA	NA	NA	NA	NA	714982.0	2662133749.5	4.0	NA
2019-01-28 17:55:00	CT08	2019-01-28 17:55:28	0.0	12.0	1.0	NA	242.4870529	240.4059639	241.4694214	241.4541461	418.8061676	416.288887	419.5349121	418.2099889	53.236412	52.93573	53.1929646	NA	53.1217022	NA	NA	NA	49.9086256	NA	NA	NA	1.0094778	12.7793236	12.5954993	12.7420223	38.1168451	NA	NA	NA	-5.2581189	38.4786816	NA	NA	NA	NA	NA	NA	NA	NA	NA	NA	NA	NA	NA	NA	NA	NA	NA	NA	NA	NA	NA	NA	NA	NA	NA	NA	714982.0	2662137644.0	4.0	NA
2019-01-28 18:00:00	CT08	2019-01-28 18:00:54	0.0	12.0	1.0	NA	242.5691032	240.4016457	241.4919128	241.4875539	418.8732681	416.306282	419.6242676	418.2679392	39.2845345	39.0246496	39.2833443	NA	39.1975094	NA	NA	NA	49.9148254	NA	NA	NA	1.015166	9.3760917	9.2369974	9.3573227	27.9704113	NA	NA	NA	-4.8798128	28.3952508	NA	NA	NA	NA	NA	NA	NA	NA	NA	NA	NA	NA	NA	NA	NA	NA	NA	NA	NA	NA	NA	NA	NA	NA	NA	NA	714982.0	2662140564.5	4.0	NA
2019-01-28 18:05:00	CT08	2019-01-28 18:04:49	0.0	12.0	1.0	NA	243.059255	240.8431295	242.0698649	241.9907498	419.6499939	417.135203	420.6337179	419.1396383	29.8534978	29.660382	29.8565559	NA	29.7901452	NA	NA	NA	50.0417048	NA	NA	NA	1.0229863	7.0751847	6.9787391	7.0833934	21.137317	NA	NA	NA	-4.55205	21.6252899	NA	NA	NA	NA	NA	NA	NA	NA	NA	NA	NA	NA	NA	NA	NA	NA	NA	NA	NA	NA	NA	NA	NA	NA	NA	NA	714982.0	2662142449.3333335	4.0	NA
2019-01-28 18:10:00	CT08	2019-01-28 18:10:05	0.0	12.0	1.0	NA	243.4895096	241.4848137	242.6062012	242.5268415	420.6358185	418.2138901	421.3533707	420.0676931	20.5742393	20.5239234	20.692915	NA	20.5970259	NA	NA	NA	49.9603634	NA	NA	NA	1.0479433	4.7757697	4.711664	4.8049057	14.2923396	NA	NA	NA	-4.4713584	14.9884608	NA	NA	NA	NA	NA	NA	NA	NA	NA	NA	NA	NA	NA	NA	NA	NA	NA	NA	NA	NA	NA	NA	NA	NA	NA	NA	714982.0	2662143780.75	4.0	NA
2019-01-28 18:15:00	CT08	2019-01-28 18:15:26	0.0	12.0	1.0	NA	242.5691223	240.2794189	241.6932831	241.5139414	418.736496	416.2975082	419.907692	418.3138987	13.2665834	13.4008243	13.4951217	NA	13.3875098	NA	NA	NA	49.8682785	NA	NA	NA	1.1449828	2.782208	2.7456803	2.8228165	8.350705	NA	NA	NA	-4.833195	9.6991818	NA	NA	NA	NA	NA	NA	NA	NA	NA	NA	NA	NA	NA	NA	NA	NA	NA	NA	NA	NA	NA	NA	NA	NA	NA	NA	714982.0	2662144774.0	4.0	NA
2019-01-28 18:20:00	CT08	2019-01-28 18:20:53	0.0	12.0	1.0	NA	242.5904121	240.3911362	241.7534409	241.5783297	418.9063263	416.4716263	419.8969955	418.4249827	8.6201764	9.0611389	8.7164606	NA	8.7992586	NA	NA	NA	49.9292278	NA	NA	NA	1.4053017	1.2617027	1.2593924	1.3293227	3.8504179	NA	NA	NA	-5.0128348	6.3732046	NA	NA	NA	NA	NA	NA	NA	NA	NA	NA	NA	NA	NA	NA	NA	NA	NA	NA	NA	NA	NA	NA	NA	NA	NA	NA	714982.0	2662145302.0	4.0	NA
2019-01-28 18:25:00	CT08	2019-01-28 18:25:43	0.0	12.0	1.0	NA	242.6222382	240.399765	241.8936412	241.6385481	418.9765015	416.6499837	419.9613546	418.5292799	7.034807	7.4934812	7.1693994	NA	7.2325625	NA	NA	NA	49.8838971	NA	NA	NA	1.8401606	0.2494747	0.2720395	0.3101089	0.831623	NA	NA	NA	-5.1590862	5.2416975	NA	NA	NA	NA	NA	NA	NA	NA	NA	NA	NA	NA	NA	NA	NA	NA	NA	NA	NA	NA	NA	NA	NA	NA	NA	NA	714982.0	2662145504.6666665	4.0	NA
2019-01-28 18:30:00	CT08	2019-01-28 18:29:41	0.0	12.0	1.0	NA	243.07105	240.9038493	242.4064738	242.1271244	419.6488241	417.4763489	421.001414	419.375529	7.7559133	7.9806879	7.5915856	NA	7.7760623	NA	NA	NA	49.8046786	NA	NA	NA	0.0662427	-0.1522009	-0.1457504	-0.0875274	-0.3854786	NA	NA	NA	-5.6284401	5.6474255	NA	NA	NA	NA	NA	NA	NA	NA	NA	NA	NA	NA	NA	NA	NA	NA	NA	NA	NA	NA	NA	NA	NA	NA	NA	NA	714989.6666667	2662145523.0	4.0	NA
2019-01-28 18:35:00	CT08	2019-01-28 18:34:59	0.0	12.0	1.0	NA	242.942337	240.9777107	242.3356857	242.0852445	419.70504	417.5871658	420.6171112	419.3031057	7.7720548	7.9985117	7.698846	NA	7.8231375	NA	NA	NA	49.808856	NA	NA	NA	0.2367355	-0.4702376	-0.4507339	-0.4072672	-1.3282388	NA	NA	NA	-5.515274	5.6812048	NA	NA	NA	NA	NA	NA	NA	NA	NA	NA	NA	NA	NA	NA	NA	NA	NA	NA	NA	NA	NA	NA	NA	NA	NA	NA	715061.5	2662145523.0	4.0	NA
2019-01-28 18:40:00	CT08	2019-01-28 18:40:19	0.0	12.0	1.0	NA	243.0438576	240.9671478	242.2266235	242.0792096	419.7658997	417.4102097	420.7016754	419.2925949	1.8310826	1.8749155	1.6418344	NA	1.7826108	NA	NA	NA	49.7773018	NA	NA	NA	1.1606165	-0.1810567	-0.1566218	-0.1307918	-0.4684704	NA	NA	NA	-0.817728	1.2960597	NA	NA	NA	NA	NA	NA	NA	NA	NA	NA	NA	NA	NA	NA	NA	NA	NA	NA	NA	NA	NA	NA	NA	NA	NA	NA	715156.0	2662145523.0	4.0	NA
2019-01-28 18:45:00	CT08	2019-01-28 18:45:41	0.0	12.0	1.0	NA	243.7641678	241.4209747	242.8604546	242.6818657	420.822113	418.2854462	421.9019928	420.3365173	0.5899606	0.5108839	0.4310848	NA	0.5106431	NA	NA	NA	49.8416872	NA	NA	NA	1.4753625	-0.0876402	-0.0611785	-0.0455416	-0.1943604	NA	NA	NA	0.3153836	0.3704638	NA	NA	NA	NA	NA	NA	NA	NA	NA	NA	NA	NA	NA	NA	NA	NA	NA	NA	NA	NA	NA	NA	NA	NA	NA	NA	715174.25	2662145523.0	4.0	NA
2019-01-28 18:50:00	CT08	2019-01-28 18:49:41	0.0	12.0	1.0	NA	243.9046783	241.7915751	243.0258331	242.9073622	421.2267354	418.8242188	422.1299947	420.726983	0.4505339	0.1689347	0.1454567	NA	0.2549751	NA	NA	NA	49.8370539	NA	NA	NA	1.316404	-0.0634091	-0.0375479	-0.0258068	-0.1267638	NA	NA	NA	0.1566039	0.2039728	NA	NA	NA	NA	NA	NA	NA	NA	NA	NA	NA	NA	NA	NA	NA	NA	NA	NA	NA	NA	NA	NA	NA	NA	NA	NA	715188.3333333	2662145523.0	4.0	NA
2019-01-28 18:55:00	CT08	2019-01-28 18:55:50	0.0	12.0	1.0	NA	243.7676646	241.5456289	242.8661601	242.7264845	420.9381917	418.5097555	421.7934062	420.4137845	0.3589176	0.0	0.0	NA	0.1196392	NA	NA	NA	49.8947105	NA	NA	NA	1.3037486	-0.0448815	-0.0201834	-0.0077715	-0.0728364	NA	NA	NA	0.0751061	0.1046294	NA	NA	NA	NA	NA	NA	NA	NA	NA	NA	NA	NA	NA	NA	NA	NA	NA	NA	NA	NA	NA	NA	NA	NA	NA	NA	715195.6666667	2662145523.0	4.0	NA
2019-01-28 19:00:00	CT08	2019-01-28 18:59:49	0.0	12.0	1.0	NA	244.7828878	242.5415599	243.8974559	243.7406345	422.6819051	420.2483419	423.5806885	422.1703118	0.3639582	0.0	0.0	NA	0.1213194	NA	NA	NA	50.0106595	NA	NA	NA	1.3145217	-0.0444659	-0.0201052	-0.008116	-0.072687	NA	NA	NA	0.0772	0.1060348	NA	NA	NA	NA	NA	NA	NA	NA	NA	NA	NA	NA	NA	NA	NA	NA	NA	NA	NA	NA	NA	NA	NA	NA	NA	NA	715201.3333333	2662145523.0	4.0	NA
2019-01-28 19:05:00	CT08	2019-01-28 19:05:11	0.0	12.0	1.0	NA	244.7956581	242.6364098	244.0014534	243.8111738	422.7791214	420.4774246	423.6209412	422.2924957	0.3637548	0.0	0.0	NA	0.1212516	NA	NA	NA	49.9256887	NA	NA	NA	1.3056612	-0.0449908	-0.0202128	-0.0089473	-0.0741509	NA	NA	NA	0.0768407	0.1067879	NA	NA	NA	NA	NA	NA	NA	NA	NA	NA	NA	NA	NA	NA	NA	NA	NA	NA	NA	NA	NA	NA	NA	NA	NA	NA	715207.0	2662145523.0	4.0	NA
2019-01-28 19:10:00	CT08	2019-01-28 19:10:32	0.0	12.0	1.0	NA	244.8374748	242.8331604	244.0549889	243.9085414	422.9230499	420.6973801	423.7631836	422.4612045	0.3668533	0.0	0.0	NA	0.1222844	NA	NA	NA	49.8601131	NA	NA	NA	1.3147042	-0.045548	-0.0196978	-0.0076045	-0.0728503	NA	NA	NA	0.0774126	0.1063044	NA	NA	NA	NA	NA	NA	NA	NA	NA	NA	NA	NA	NA	NA	NA	NA	NA	NA	NA	NA	NA	NA	NA	NA	NA	NA	715213.5	2662145523.0	4.0	NA
2019-01-28 19:15:00	CT08	2019-01-28 19:15:50	0.0	12.0	1.0	NA	244.8395195	242.6085663	243.9688187	243.8056348	422.7123718	420.3682022	423.7683105	422.2829615	0.3657762	0.0	0.0	NA	0.1219254	NA	NA	NA	49.8881626	NA	NA	NA	1.3132713	-0.0452933	-0.0196255	-0.0080653	-0.072984	NA	NA	NA	0.0772548	0.106281	NA	NA	NA	NA	NA	NA	NA	NA	NA	NA	NA	NA	NA	NA	NA	NA	NA	NA	NA	NA	NA	NA	NA	NA	NA	NA	715220.25	2662145523.0	4.0	NA
2019-01-28 19:20:00	CT08	2019-01-28 19:19:52	0.0	12.0	1.0	NA	244.9681956	242.7268575	244.1599782	243.9516771	422.9450378	420.6435852	424.0196025	422.5360752	0.3674761	0.0	0.0	NA	0.122492	NA	NA	NA	49.7895457	NA	NA	NA	1.3121367	-0.0450519	-0.0200111	-0.0087989	-0.073862	NA	NA	NA	0.0779286	0.1073748	NA	NA	NA	NA	NA	NA	NA	NA	NA	NA	NA	NA	NA	NA	NA	NA	NA	NA	NA	NA	NA	NA	NA	NA	NA	NA	715225.6666667	2662145523.0	4.0	NA
2019-01-28 19:25:00	CT08	2019-01-28 19:25:12	0.0	12.0	1.0	NA	245.8706932	243.4109497	245.0760536	244.7858988	424.2642593	421.9770126	425.7023926	423.9812215	0.3623995	0.0	0.0	NA	0.1207998	NA	NA	NA	49.8738632	NA	NA	NA	1.3103377	-0.0451249	-0.0194197	-0.0086331	-0.0731777	NA	NA	NA	0.0768222	0.1061035	NA	NA	NA	NA	NA	NA	NA	NA	NA	NA	NA	NA	NA	NA	NA	NA	NA	NA	NA	NA	NA	NA	NA	NA	NA	NA	715231.5	2662145523.0	4.0	NA
2019-01-28 19:30:00	CT08	2019-01-28 19:30:34	0.0	12.0	1.0	NA	246.8950653	244.571022	246.1772842	245.8811239	426.1535721	423.9810028	427.4995117	425.8780289	0.3613962	0.0	0.0	NA	0.1204654	NA	NA	NA	50.0188875	NA	NA	NA	1.3148048	-0.0450264	-0.0191559	-0.0082996	-0.0724819	NA	NA	NA	0.0770328	0.1057751	NA	NA	NA	NA	NA	NA	NA	NA	NA	NA	NA	NA	NA	NA	NA	NA	NA	NA	NA	NA	NA	NA	NA	NA	NA	NA	715237.75	2662145523.0	4.0	NA
2019-01-28 19:35:00	CT08	2019-01-28 19:35:25	0.0	12.0	1.0	NA	246.8048503	244.4166209	245.8665415	245.6960042	426.0104167	423.5146281	427.1469014	425.5573154	0.3668385	0.0	0.0	NA	0.1222795	NA	NA	NA	49.9142456	NA	NA	NA	1.317103	-0.0459492	-0.0194571	-0.0075282	-0.0729345	NA	NA	NA	0.0780084	0.1067985	NA	NA	NA	NA	NA	NA	NA	NA	NA	NA	NA	NA	NA	NA	NA	NA	NA	NA	NA	NA	NA	NA	NA	NA	NA	NA	715244.0	2662145523.0	4.0	NA
2019-01-28 19:40:00	CT08	2019-01-28 19:40:45	0.0	12.0	1.0	NA	247.4732513	245.1680145	246.6375961	246.4262873	427.1908951	424.8117905	428.4643402	426.8223419	0.3637349	0.0	0.0	NA	0.121245	NA	NA	NA	49.9775906	NA	NA	NA	1.315979	-0.0455591	-0.0191651	-0.0080679	-0.0727921	NA	NA	NA	0.07763	0.1064202	NA	NA	NA	NA	NA	NA	NA	NA	NA	NA	NA	NA	NA	NA	NA	NA	NA	NA	NA	NA	NA	NA	NA	NA	NA	NA	715250.5	2662145523.0	4.0	NA
2019-01-28 19:45:00	CT08	2019-01-28 19:44:46	0.0	12.0	1.0	NA	247.8231049	245.2197673	246.8142598	246.619044	427.5904338	424.9126383	428.9657491	427.1562737	0.3629668	0.0	0.0	NA	0.1209889	NA	NA	NA	50.0254275	NA	NA	NA	1.3110134	-0.0465753	-0.0179842	-0.0085964	-0.0731559	NA	NA	NA	0.0769538	0.1061781	NA	NA	NA	NA	NA	NA	NA	NA	NA	NA	NA	NA	NA	NA	NA	NA	NA	NA	NA	NA	NA	NA	NA	NA	NA	NA	715256.0	2662145523.0	4.0	NA
2019-01-28 19:50:00	CT08	2019-01-28 19:50:04	0.0	12.0	1.0	NA	248.3834457	246.1869736	247.3737526	247.314724	428.9735489	426.3341446	429.7747345	428.3608093	0.361012	0.0	0.0	NA	0.1203373	NA	NA	NA	50.0076637	NA	NA	NA	1.3115523	-0.0461284	-0.0189448	-0.0079163	-0.0729894	NA	NA	NA	0.0768934	0.1060193	NA	NA	NA	NA	NA	NA	NA	NA	NA	NA	NA	NA	NA	NA	NA	NA	NA	NA	NA	NA	NA	NA	NA	NA	NA	NA	715261.5	2662145523.0	4.0	NA
2019-01-28 19:55:00	CT08	2019-01-28 19:55:26	0.0	12.0	1.0	NA	248.3659515	245.8863297	247.3761177	247.2094663	428.6390915	426.0394516	429.8578491	428.1787974	0.3597469	0.0	0.0	NA	0.1199156	NA	NA	NA	50.0136814	NA	NA	NA	1.3128647	-0.0455525	-0.0186375	-0.0085099	-0.0726999	NA	NA	NA	0.0768649	0.1058005	NA	NA	NA	NA	NA	NA	NA	NA	NA	NA	NA	NA	NA	NA	NA	NA	NA	NA	NA	NA	NA	NA	NA	NA	NA	NA	715268.25	2662145523.0	4.0	NA
2019-01-28 20:00:00	CT08	2019-01-28 20:00:45	0.0	12.0	1.0	NA	249.0636978	246.6079483	248.0188217	247.8968226	429.8640442	427.1823196	431.0612335	429.3691991	0.3591089	0.0	0.0	NA	0.119703	NA	NA	NA	49.9881792	NA	NA	NA	1.3131912	-0.0453881	-0.0188595	-0.008577	-0.0728245	NA	NA	NA	0.0770654	0.1060339	NA	NA	NA	NA	NA	NA	NA	NA	NA	NA	NA	NA	NA	NA	NA	NA	NA	NA	NA	NA	NA	NA	NA	NA	NA	NA	715274.5	2662145523.0	4.0	NA
2019-01-28 20:05:00	CT08	2019-01-28 20:04:43	0.0	12.0	1.0	NA	249.3375142	246.6857096	248.3970235	248.1400825	430.1195374	427.5605469	431.6920878	429.790724	0.3656145	0.0	0.0	NA	0.1218715	NA	NA	NA	50.0316976	NA	NA	NA	1.3133423	-0.0466764	-0.0190793	-0.0082191	-0.0739748	NA	NA	NA	0.0783046	0.1077269	NA	NA	NA	NA	NA	NA	NA	NA	NA	NA	NA	NA	NA	NA	NA	NA	NA	NA	NA	NA	NA	NA	NA	NA	NA	NA	715280.3333333	2662145523.0	4.0	NA
2019-01-28 20:10:00	CT08	2019-01-28 20:10:06	0.0	12.0	1.0	NA	249.4437141	247.0765572	248.5419388	248.35407	430.6111374	428.1243591	431.7483826	430.161293	0.3576622	0.0	0.0	NA	0.1192207	NA	NA	NA	50.0457926	NA	NA	NA	1.3142565	-0.0452989	-0.0185722	-0.0085521	-0.0724233	NA	NA	NA	0.0768595	0.1056077	NA	NA	NA	NA	NA	NA	NA	NA	NA	NA	NA	NA	NA	NA	NA	NA	NA	NA	NA	NA	NA	NA	NA	NA	NA	NA	715286.0	2662145523.0	4.0	NA
2019-01-28 20:15:00	CT08	2019-01-28 20:14:05	0.0	12.0	1.0	NA	248.691213	246.3741252	247.6631317	247.5761566	429.3969523	426.7529806	430.2911275	428.8136868	0.3581378	0.0	0.0	NA	0.1193793	NA	NA	NA	49.9902903	NA	NA	NA	1.3107014	-0.0455886	-0.0186103	-0.0085986	-0.0727974	NA	NA	NA	0.0765139	0.105613	NA	NA	NA	NA	NA	NA	NA	NA	NA	NA	NA	NA	NA	NA	NA	NA	NA	NA	NA	NA	NA	NA	NA	NA	NA	NA	715291.6666667	2662145523.0	4.0	NA
2019-01-28 20:20:00	CT08	2019-01-28 20:20:20	0.0	12.0	1.0	NA	248.3561096	245.8511124	247.4219818	247.2097346	428.5728073	426.072258	429.892807	428.1792908	0.3558157	0.0	0.0	NA	0.1186052	NA	NA	NA	49.9521236	NA	NA	NA	1.3097165	-0.0452862	-0.0188572	-0.0082636	-0.0724069	NA	NA	NA	0.0758825	0.1048894	NA	NA	NA	NA	NA	NA	NA	NA	NA	NA	NA	NA	NA	NA	NA	NA	NA	NA	NA	NA	NA	NA	NA	NA	NA	NA	715298.5	2662145523.0	4.0	NA
2019-01-28 20:25:00	CT08	2019-01-28 20:25:40	0.0	12.0	1.0	NA	248.1803703	245.6815643	247.2223663	247.0281003	428.293129	425.73909	429.5622406	427.8648198	0.3540214	0.0	0.0	NA	0.1180071	NA	NA	NA	49.9807482	NA	NA	NA	1.3045395	-0.045567	-0.018382	-0.0087655	-0.0727144	NA	NA	NA	0.0751202	0.1045529	NA	NA	NA	NA	NA	NA	NA	NA	NA	NA	NA	NA	NA	NA	NA	NA	NA	NA	NA	NA	NA	NA	NA	NA	NA	NA	715304.75	2662145523.0	4.0	NA
2019-01-28 20:30:00	CT08	2019-01-28 20:29:39	0.0	12.0	1.0	NA	247.8959351	245.5144246	246.9898427	246.8000675	427.9259338	425.4371745	429.0453796	427.469496	0.3596372	0.0	0.0	NA	0.1198791	NA	NA	NA	49.9979172	NA	NA	NA	1.3098916	-0.0459052	-0.0192248	-0.007755	-0.0728849	NA	NA	NA	0.0764214	0.1056159	NA	NA	NA	NA	NA	NA	NA	NA	NA	NA	NA	NA	NA	NA	NA	NA	NA	NA	NA	NA	NA	NA	NA	NA	NA	NA	715310.3333333	2662145523.0	4.0	NA
2019-01-28 20:35:00	CT08	2019-01-28 20:35:00	0.0	12.0	1.0	NA	247.6166611	245.1823158	246.5194168	246.4394646	427.4079437	424.6493073	428.4773254	426.8448588	0.363976	0.0	0.0	NA	0.1213253	NA	NA	NA	49.9573812	NA	NA	NA	1.313815	-0.0456843	-0.0201976	-0.0074041	-0.0732861	NA	NA	NA	0.0776795	0.1067989	NA	NA	NA	NA	NA	NA	NA	NA	NA	NA	NA	NA	NA	NA	NA	NA	NA	NA	NA	NA	NA	NA	NA	NA	NA	NA	715316.0	2662145523.0	4.0	NA
2019-01-28 20:40:00	CT08	2019-01-28 20:40:23	0.0	12.0	1.0	NA	247.0658035	244.59869	246.1590576	245.9411837	426.4414063	423.9428024	427.5616531	425.9819539	0.3594896	0.0	0.0	NA	0.1198299	NA	NA	NA	50.0082998	NA	NA	NA	1.314106	-0.0452953	-0.0195405	-0.0071773	-0.0720131	NA	NA	NA	0.0763916	0.1049891	NA	NA	NA	NA	NA	NA	NA	NA	NA	NA	NA	NA	NA	NA	NA	NA	NA	NA	NA	NA	NA	NA	NA	NA	NA	NA	715322.5	2662145523.0	4.0	NA
2019-01-28 20:45:00	CT08	2019-01-28 20:45:40	0.0	12.0	1.0	NA	247.4463692	245.0150566	246.5529099	246.3381119	427.0293579	424.5931244	428.3860397	426.6695073	0.3593462	0.0	0.0	NA	0.1197821	NA	NA	NA	50.0188541	NA	NA	NA	1.3091122	-0.0460028	-0.0191197	-0.0075871	-0.0727096	NA	NA	NA	0.0760879	0.1052456	NA	NA	NA	NA	NA	NA	NA	NA	NA	NA	NA	NA	NA	NA	NA	NA	NA	NA	NA	NA	NA	NA	NA	NA	NA	NA	715328.75	2662145523.0	4.0	NA
2019-01-28 20:50:00	CT08	2019-01-28 20:49:42	0.0	12.0	1.0	NA	247.6124268	245.0418345	246.6367188	246.4303267	427.2967428	424.6565348	428.5348918	426.8293898	0.3631476	0.0	0.0	NA	0.1210492	NA	NA	NA	50.0420456	NA	NA	NA	1.316429	-0.0457904	-0.0193974	-0.0073058	-0.0724936	NA	NA	NA	0.0773802	0.1060424	NA	NA	NA	NA	NA	NA	NA	NA	NA	NA	NA	NA	NA	NA	NA	NA	NA	NA	NA	NA	NA	NA	NA	NA	NA	NA	715334.3333333	2662145523.0	4.0	NA
2019-01-28 20:55:00	CT08	2019-01-28 20:55:02	0.0	12.0	1.0	NA	248.009594	245.5342598	247.0638847	246.8692462	427.99823	425.4893341	429.2805328	427.5893656	0.3622725	0.0	0.0	NA	0.1207575	NA	NA	NA	50.0709038	NA	NA	NA	1.3114887	-0.0460228	-0.0194519	-0.0077921	-0.0732669	NA	NA	NA	0.0771642	0.1064088	NA	NA	NA	NA	NA	NA	NA	NA	NA	NA	NA	NA	NA	NA	NA	NA	NA	NA	NA	NA	NA	NA	NA	NA	NA	NA	715340.25	2662145523.0	4.0	NA
2019-01-28 21:00:00	CT08	2019-01-28 20:59:54	0.0	12.0	1.0	NA	248.2086233	245.8000081	247.1949921	247.0678745	428.5591939	425.8785197	429.3624878	427.9334005	0.3603177	0.0	0.0	NA	0.1201059	NA	NA	NA	50.0297089	NA	NA	NA	1.315375	-0.0450365	-0.0200897	-0.0074449	-0.0725711	NA	NA	NA	0.0772664	0.1060036	NA	NA	NA	NA	NA	NA	NA	NA	NA	NA	NA	NA	NA	NA	NA	NA	NA	NA	NA	NA	NA	NA	NA	NA	NA	NA	715346.6666667	2662145523.0	4.0	NA
2019-01-28 21:05:00	CT08	2019-01-28 21:05:17	0.0	12.0	1.0	NA	247.9316978	245.3140335	247.0084114	246.7513809	427.762558	425.2007599	429.192627	427.3853149	0.3644028	0.0	0.0	NA	0.1214676	NA	NA	NA	49.9406633	NA	NA	NA	1.3170378	-0.045768	-0.0203092	-0.006762	-0.0728392	NA	NA	NA	0.0778968	0.1066491	NA	NA	NA	NA	NA	NA	NA	NA	NA	NA	NA	NA	NA	NA	NA	NA	NA	NA	NA	NA	NA	NA	NA	NA	NA	NA	715352.5	2662145523.0	4.0	NA
2019-01-28 21:10:00	CT08	2019-01-28 21:10:38	0.0	12.0	1.0	NA	248.5405884	245.9915314	247.5845718	247.3722305	428.8425064	426.2900772	430.2485199	428.4603678	0.364587	0.0	0.0	NA	0.121529	NA	NA	NA	49.9544973	NA	NA	NA	1.318706	-0.0461425	-0.01969	-0.0067497	-0.0725822	NA	NA	NA	0.0779857	0.1065361	NA	NA	NA	NA	NA	NA	NA	NA	NA	NA	NA	NA	NA	NA	NA	NA	NA	NA	NA	NA	NA	NA	NA	NA	NA	NA	715359.0	2662145523.0	4.0	NA
2019-01-28 21:15:00	CT08	2019-01-28 21:14:39	0.0	12.0	1.0	NA	248.5095215	246.2025909	247.5728709	247.4283278	429.0354716	426.5361633	430.1010132	428.5575494	0.3685971	0.0	0.0	NA	0.1228657	NA	NA	NA	50.0159899	NA	NA	NA	1.3280193	-0.0456594	-0.0195838	-0.0068196	-0.0720628	NA	NA	NA	0.0794072	0.1072339	NA	NA	NA	NA	NA	NA	NA	NA	NA	NA	NA	NA	NA	NA	NA	NA	NA	NA	NA	NA	NA	NA	NA	NA	NA	NA	715364.6666667	2662145523.0	4.0	NA
2019-01-28 21:20:00	CT08	2019-01-28 21:19:57	0.0	12.0	1.0	NA	248.8202133	246.5760078	247.855484	247.7505684	429.6389694	427.0954971	430.6125183	429.1156616	0.3584841	0.0	0.0	NA	0.1194947	NA	NA	NA	49.9775248	NA	NA	NA	1.3201187	-0.0447617	-0.0194488	-0.0073314	-0.071542	NA	NA	NA	0.0771531	0.1052258	NA	NA	NA	NA	NA	NA	NA	NA	NA	NA	NA	NA	NA	NA	NA	NA	NA	NA	NA	NA	NA	NA	NA	NA	NA	NA	715370.25	2662145523.0	4.0	NA
2019-01-28 21:25:00	CT08	2019-01-28 21:25:20	0.0	12.0	1.0	NA	248.7622528	246.231575	247.7530518	247.5822932	429.2965775	426.6199951	430.5567245	428.8244324	0.3615074	0.0	0.0	NA	0.1205025	NA	NA	NA	50.0037413	NA	NA	NA	1.31536	-0.0455153	-0.0197352	-0.0076291	-0.0728795	NA	NA	NA	0.0775557	0.1064301	NA	NA	NA	NA	NA	NA	NA	NA	NA	NA	NA	NA	NA	NA	NA	NA	NA	NA	NA	NA	NA	NA	NA	NA	NA	NA	715376.5	2662145523.0	4.0	NA
2019-01-28 21:30:00	CT08	2019-01-28 21:30:42	0.0	12.0	1.0	NA	249.4693985	247.070961	248.2258148	248.2553914	430.7730103	427.7229996	431.4739456	429.9899851	0.3600637	0.0	0.0	NA	0.1200212	NA	NA	NA	50.0483847	NA	NA	NA	1.309163	-0.0462445	-0.0197545	-0.0075819	-0.073581	NA	NA	NA	0.0770031	0.1065093	NA	NA	NA	NA	NA	NA	NA	NA	NA	NA	NA	NA	NA	NA	NA	NA	NA	NA	NA	NA	NA	NA	NA	NA	NA	NA	715383.25	2662145523.0	4.0	NA
2019-01-28 21:35:00	CT08	2019-01-28 21:34:42	0.0	12.0	1.0	NA	248.9700572	246.5554504	247.8611145	247.7955407	429.8550924	427.057841	430.6681722	429.1937019	0.3617665	0.0	0.0	NA	0.1205888	NA	NA	NA	50.0604451	NA	NA	NA	1.3153837	-0.0457617	-0.0192456	-0.007852	-0.0728593	NA	NA	NA	0.0775773	0.1064282	NA	NA	NA	NA	NA	NA	NA	NA	NA	NA	NA	NA	NA	NA	NA	NA	NA	NA	NA	NA	NA	NA	NA	NA	NA	NA	715388.6666667	2662145523.0	4.0	NA
2019-01-28 21:40:00	CT08	2019-01-28 21:40:55	0.0	12.0	1.0	NA	249.6227112	246.9880981	248.4894066	248.3667386	430.7526245	427.9021683	431.8947906	430.1831945	0.3602074	0.0	0.0	NA	0.1200691	NA	NA	NA	50.0391998	NA	NA	NA	1.31539	-0.0459902	-0.0188514	-0.0077298	-0.0725714	NA	NA	NA	0.0772629	0.1060052	NA	NA	NA	NA	NA	NA	NA	NA	NA	NA	NA	NA	NA	NA	NA	NA	NA	NA	NA	NA	NA	NA	NA	NA	NA	NA	715395.25	2662145523.0	4.0	NA
2019-01-28 21:45:00	CT08	2019-01-28 21:44:54	0.0	12.0	1.0	NA	249.9119415	247.3754934	248.8404032	248.7092794	431.3683472	428.5853271	432.3759054	430.7765266	0.3634069	0.0	0.0	NA	0.1211356	NA	NA	NA	50.0814031	NA	NA	NA	1.3250704	-0.0456255	-0.0190635	-0.0071423	-0.0718314	NA	NA	NA	0.0785269	0.1064253	NA	NA	NA	NA	NA	NA	NA	NA	NA	NA	NA	NA	NA	NA	NA	NA	NA	NA	NA	NA	NA	NA	NA	NA	NA	NA	715401.0	2662145523.0	4.0	NA
2019-01-28 21:50:00	CT08	2019-01-28 21:50:16	0.0	12.0	1.0	NA	249.6933517	247.0732193	248.7231102	248.4965604	430.8142776	428.2392654	432.1710129	430.4081853	0.3619995	0.0	0.0	NA	0.1206665	NA	NA	NA	50.0499716	NA	NA	NA	1.3171932	-0.0459819	-0.0189484	-0.0077952	-0.0727255	NA	NA	NA	0.0778161	0.1065103	NA	NA	NA	NA	NA	NA	NA	NA	NA	NA	NA	NA	NA	NA	NA	NA	NA	NA	NA	NA	NA	NA	NA	NA	NA	NA	715406.75	2662145523.0	4.0	NA
2019-01-28 21:55:00	CT08	2019-01-28 21:55:35	0.0	12.0	1.0	NA	249.508419	246.757782	248.3397255	248.2019755	430.4955826	427.5783234	431.6197205	429.8978755	0.3621177	0.0	0.0	NA	0.1207059	NA	NA	NA	50.055109	NA	NA	NA	1.3165298	-0.0460522	-0.0192391	-0.0074997	-0.0727909	NA	NA	NA	0.0777314	0.1064972	NA	NA	NA	NA	NA	NA	NA	NA	NA	NA	NA	NA	NA	NA	NA	NA	NA	NA	NA	NA	NA	NA	NA	NA	NA	NA	715413.25	2662145523.0	4.0	NA
2019-01-28 22:00:00	CT08	2019-01-28 22:00:56	0.0	12.0	1.0	NA	249.9447937	247.2952271	248.9396172	248.726546	431.2035446	428.5851135	432.6303635	430.8063405	0.3655876	0.0	0.0	NA	0.1218625	NA	NA	NA	50.0842733	NA	NA	NA	1.323164	-0.0458586	-0.0194961	-0.0073171	-0.0726717	NA	NA	NA	0.0790364	0.107369	NA	NA	NA	NA	NA	NA	NA	NA	NA	NA	NA	NA	NA	NA	NA	NA	NA	NA	NA	NA	NA	NA	NA	NA	NA	NA	715419.75	2662145523.0	4.0	NA
2019-01-28 22:05:00	CT08	2019-01-28 22:04:55	0.0	12.0	1.0	NA	249.9384155	247.1607056	248.8941396	248.6644202	431.1475525	428.3915507	432.5567932	430.6986321	0.3648512	0.0	0.0	NA	0.1216171	NA	NA	NA	50.0663211	NA	NA	NA	1.3178737	-0.0459357	-0.0193033	-0.0082635	-0.0735025	NA	NA	NA	0.0787705	0.1077439	NA	NA	NA	NA	NA	NA	NA	NA	NA	NA	NA	NA	NA	NA	NA	NA	NA	NA	NA	NA	NA	NA	NA	NA	NA	NA	715425.3333333	2662145523.0	4.0	NA
2019-01-28 22:10:00	CT08	2019-01-28 22:10:16	0.0	12.0	1.0	NA	249.2882996	246.6557121	248.2631149	248.0690422	430.1859207	427.4725037	431.3441315	429.6675186	0.3575553	0.0	0.0	NA	0.1191851	NA	NA	NA	50.0123281	NA	NA	NA	1.312472	-0.0454046	-0.018391	-0.0088289	-0.0726244	NA	NA	NA	0.0766996	0.1056304	NA	NA	NA	NA	NA	NA	NA	NA	NA	NA	NA	NA	NA	NA	NA	NA	NA	NA	NA	NA	NA	NA	NA	NA	NA	NA	715431.0	2662145523.0	4.0	NA
2019-01-28 22:15:00	CT08	2019-01-28 22:15:37	0.0	12.0	1.0	NA	248.2642746	245.5642929	247.2614059	247.0299911	428.3185196	425.6867142	429.5994644	427.8682327	0.3596564	0.0	0.0	NA	0.1198855	NA	NA	NA	50.0190668	NA	NA	NA	1.3111	-0.045634	-0.0192809	-0.0080228	-0.0729376	NA	NA	NA	0.0767372	0.1058738	NA	NA	NA	NA	NA	NA	NA	NA	NA	NA	NA	NA	NA	NA	NA	NA	NA	NA	NA	NA	NA	NA	NA	NA	NA	NA	715437.5	2662145523.0	4.0	NA
2019-01-28 22:20:00	CT08	2019-01-28 22:20:30	0.0	12.0	1.0	NA	249.2929738	246.7775675	248.252711	248.1077508	430.240804	427.5541585	431.4090576	429.7346734	0.3606982	0.0	0.0	NA	0.1202327	NA	NA	NA	50.0421117	NA	NA	NA	1.316649	-0.0456038	-0.0184555	-0.0084823	-0.0725416	NA	NA	NA	0.0774949	0.1061514	NA	NA	NA	NA	NA	NA	NA	NA	NA	NA	NA	NA	NA	NA	NA	NA	NA	NA	NA	NA	NA	NA	NA	NA	NA	NA	715443.6666667	2662145523.0	4.0	NA
2019-01-28 22:25:00	CT08	2019-01-28 22:25:48	0.0	12.0	1.0	NA	249.1967583	246.8070984	248.1450691	248.0496419	430.2093201	427.5088425	431.1830139	429.6337255	0.3585267	0.0	0.0	NA	0.1195089	NA	NA	NA	50.0204744	NA	NA	NA	1.3236937	-0.0444573	-0.018751	-0.00795	-0.0711583	NA	NA	NA	0.077496	0.1052162	NA	NA	NA	NA	NA	NA	NA	NA	NA	NA	NA	NA	NA	NA	NA	NA	NA	NA	NA	NA	NA	NA	NA	NA	NA	NA	715449.5	2662145523.0	4.0	NA
2019-01-28 22:30:00	CT08	2019-01-28 22:29:48	0.0	12.0	1.0	NA	249.1041412	246.6928253	248.2478231	248.0149299	429.9507039	427.5493571	431.2208964	429.5736525	0.3670424	0.0	0.0	NA	0.1223475	NA	NA	NA	50.0913073	NA	NA	NA	1.319484	-0.0461493	-0.0193859	-0.0077522	-0.0732874	NA	NA	NA	0.0789248	0.1077078	NA	NA	NA	NA	NA	NA	NA	NA	NA	NA	NA	NA	NA	NA	NA	NA	NA	NA	NA	NA	NA	NA	NA	NA	NA	NA	715455.3333333	2662145523.0	4.0	NA
2019-01-28 22:35:00	CT08	2019-01-28 22:35:11	0.0	12.0	1.0	NA	249.0413628	246.7047806	247.9935875	247.9132436	429.995842	427.3009491	430.8950806	429.3972905	0.3665965	0.0	0.0	NA	0.1221988	NA	NA	NA	50.0330505	NA	NA	NA	1.3238603	-0.0458564	-0.0193285	-0.0072732	-0.0724581	NA	NA	NA	0.0789447	0.1071607	NA	NA	NA	NA	NA	NA	NA	NA	NA	NA	NA	NA	NA	NA	NA	NA	NA	NA	NA	NA	NA	NA	NA	NA	NA	NA	715461.0	2662145523.0	4.0	NA
2019-01-28 22:40:00	CT08	2019-01-28 22:40:32	0.0	12.0	1.0	NA	249.0203018	246.6046333	248.0171852	247.8807068	429.788475	427.2079926	431.0267944	429.3410873	0.3590292	0.0	0.0	NA	0.1196764	NA	NA	NA	49.972497	NA	NA	NA	1.3159297	-0.045292	-0.0184276	-0.0085661	-0.0722857	NA	NA	NA	0.0770813	0.1056751	NA	NA	NA	NA	NA	NA	NA	NA	NA	NA	NA	NA	NA	NA	NA	NA	NA	NA	NA	NA	NA	NA	NA	NA	NA	NA	715467.5	2662145523.0	4.0	NA
2019-01-28 22:45:00	CT08	2019-01-28 22:45:53	0.0	12.0	1.0	NA	249.0268288	246.4654045	248.0775642	247.8565992	429.7138214	427.146019	431.0382919	429.2993774	0.3588414	0.0	0.0	NA	0.1196138	NA	NA	NA	50.0148897	NA	NA	NA	1.3209938	-0.0449193	-0.0182826	-0.0082563	-0.0714582	NA	NA	NA	0.0772491	0.1052361	NA	NA	NA	NA	NA	NA	NA	NA	NA	NA	NA	NA	NA	NA	NA	NA	NA	NA	NA	NA	NA	NA	NA	NA	NA	NA	715473.75	2662145523.0	4.0	NA
2019-01-28 22:50:00	CT08	2019-01-28 22:48:34	0.0	12.0	1.0	NA	249.8077749	246.9983419	248.738383	248.5148332	430.7594096	428.0600484	432.5002035	430.4398872	0.3680968	0.0	0.0	NA	0.1226989	NA	NA	NA	50.0436656	NA	NA	NA	1.3270317	-0.0462059	-0.0184517	-0.0076741	-0.0723318	NA	NA	NA	0.0795001	0.1074812	NA	NA	NA	NA	NA	NA	NA	NA	NA	NA	NA	NA	NA	NA	NA	NA	NA	NA	NA	NA	NA	NA	NA	NA	NA	NA	715479.3333333	2662145523.0	4.0	NA
2019-01-28 22:55:00	CT08	2019-01-28 22:55:11	0.0	12.0	1.0	NA	249.6655617	247.2658501	248.4016457	248.4443525	431.1142273	428.0691986	431.7681503	430.3171921	0.366273	0.0	0.0	NA	0.122091	NA	NA	NA	49.9739952	NA	NA	NA	1.326175	-0.0452488	-0.0201161	-0.0071085	-0.0724733	NA	NA	NA	0.0794647	0.1075521	NA	NA	NA	NA	NA	NA	NA	NA	NA	NA	NA	NA	NA	NA	NA	NA	NA	NA	NA	NA	NA	NA	NA	NA	NA	NA	715485.0	2662145523.0	4.0	NA
2019-01-28 23:00:00	CT08	2019-01-28 23:00:06	0.0	12.0	1.0	NA	249.6561737	247.0881246	248.3675791	248.3706258	430.8940837	427.8084819	431.8666484	430.189738	0.3610242	0.0	0.0	NA	0.1203414	NA	NA	NA	49.9482358	NA	NA	NA	1.3207881	-0.0450821	-0.0200145	-0.0071147	-0.0722112	NA	NA	NA	0.0780433	0.1063282	NA	NA	NA	NA	NA	NA	NA	NA	NA	NA	NA	NA	NA	NA	NA	NA	NA	NA	NA	NA	NA	NA	NA	NA	NA	NA	715491.0	2662145523.0	4.0	NA
2019-01-28 23:05:00	CT08	2019-01-28 23:05:23	0.0	12.0	1.0	NA	250.2692909	247.896862	249.0833206	249.0831579	432.0836945	429.1783371	433.0096512	431.4238942	0.351715	0.0	0.0	NA	0.1172383	NA	NA	NA	50.0044527	NA	NA	NA	1.3116225	-0.0448767	-0.0198037	-0.0071887	-0.071869	NA	NA	NA	0.075722	0.1044026	NA	NA	NA	NA	NA	NA	NA	NA	NA	NA	NA	NA	NA	NA	NA	NA	NA	NA	NA	NA	NA	NA	NA	NA	NA	NA	715497.25	2662145523.0	4.0	NA
2019-01-28 23:10:00	CT08	2019-01-28 23:10:48	0.0	12.0	1.0	NA	250.0153809	247.5154266	248.6905937	248.7404671	431.5700226	428.4192352	432.5012741	430.8301773	0.3573111	0.0	0.0	NA	0.1191037	NA	NA	NA	49.9177256	NA	NA	NA	1.314658	-0.0454143	-0.020396	-0.006579	-0.0723892	NA	NA	NA	0.0769268	0.1056348	NA	NA	NA	NA	NA	NA	NA	NA	NA	NA	NA	NA	NA	NA	NA	NA	NA	NA	NA	NA	NA	NA	NA	NA	NA	NA	715503.75	2662145523.0	4.0	NA
2019-01-28 23:15:00	CT08	2019-01-28 23:14:44	0.0	12.0	1.0	NA	249.0874786	246.4500173	247.7726135	247.7700365	429.8627014	426.7157186	430.8696696	429.1493632	0.3638697	0.0	0.0	NA	0.1212899	NA	NA	NA	49.9106267	NA	NA	NA	1.3251987	-0.0455567	-0.0186108	-0.0074778	-0.0716454	NA	NA	NA	0.0783532	0.1061715	NA	NA	NA	NA	NA	NA	NA	NA	NA	NA	NA	NA	NA	NA	NA	NA	NA	NA	NA	NA	NA	NA	NA	NA	NA	NA	715509.3333333	2662145523.0	4.0	NA
2019-01-28 23:20:00	CT08	2019-01-28 23:18:51	0.0	12.0	1.0	NA	249.5538432	247.3056997	248.1568197	248.3387875	431.1740824	427.8454692	431.3833415	430.1342977	0.3642137	0.0	0.0	NA	0.1214046	NA	NA	NA	49.9222221	NA	NA	NA	1.3178376	-0.046097	-0.0199009	-0.0070918	-0.0730897	NA	NA	NA	0.07833	0.1071358	NA	NA	NA	NA	NA	NA	NA	NA	NA	NA	NA	NA	NA	NA	NA	NA	NA	NA	NA	NA	NA	NA	NA	NA	NA	NA	715514.3333333	2662145523.0	4.0	NA
2019-01-28 23:25:00	CT08	2019-01-28 23:25:48	0.0	12.0	1.0	NA	249.7372894	247.5648499	248.4494781	248.5838725	431.5744019	428.3790283	431.7230225	430.5588175	0.3623151	0.0	0.0	NA	0.1207717	NA	NA	NA	49.9257278	NA	NA	NA	1.322026	-0.0461553	-0.0174871	-0.0081375	-0.0717799	NA	NA	NA	0.0778265	0.1058741	NA	NA	NA	NA	NA	NA	NA	NA	NA	NA	NA	NA	NA	NA	NA	NA	NA	NA	NA	NA	NA	NA	NA	NA	NA	NA	715524.0	2662145523.0	4.0	NA
2019-01-28 23:30:00	CT08	2019-01-28 23:29:46	0.0	12.0	1.0	NA	249.5453847	247.1794535	248.3894297	248.3714227	430.926178	427.9666748	431.6801453	430.1909993	0.36413	0.0	0.0	NA	0.1213767	NA	NA	NA	49.9111493	NA	NA	NA	1.3218867	-0.0458301	-0.0191172	-0.0074445	-0.0723919	NA	NA	NA	0.0784569	0.1067561	NA	NA	NA	NA	NA	NA	NA	NA	NA	NA	NA	NA	NA	NA	NA	NA	NA	NA	NA	NA	NA	NA	NA	NA	NA	NA	715527.3333333	2662145523.0	4.0	NA
2019-01-28 23:35:00	CT08	2019-01-28 23:35:56	0.0	12.0	1.0	NA	249.1942596	246.7979736	247.941391	247.9778748	430.2787323	427.2242889	431.0244751	429.5091654	0.3591522	0.0	0.0	NA	0.1197174	NA	NA	NA	49.8544102	NA	NA	NA	1.327012	-0.0443278	-0.0186663	-0.0077499	-0.070744	NA	NA	NA	0.0777492	0.1051174	NA	NA	NA	NA	NA	NA	NA	NA	NA	NA	NA	NA	NA	NA	NA	NA	NA	NA	NA	NA	NA	NA	NA	NA	NA	NA	715533.5	2662145523.0	4.0	NA
2019-01-28 23:40:00	CT08	2019-01-28 23:39:58	0.0	12.0	1.0	NA	249.0723368	246.7790578	247.9610748	247.9374898	430.1465556	427.3066101	430.8647054	429.4392904	0.3626694	0.0	0.0	NA	0.1208898	NA	NA	NA	49.8827718	NA	NA	NA	1.318561	-0.0457913	-0.0198887	-0.006837	-0.0725169	NA	NA	NA	0.0778622	0.1064086	NA	NA	NA	NA	NA	NA	NA	NA	NA	NA	NA	NA	NA	NA	NA	NA	NA	NA	NA	NA	NA	NA	NA	NA	NA	NA	715539.6666667	2662145523.0	4.0	NA
2019-01-28 23:45:00	CT08	2019-01-28 23:45:20	0.0	12.0	1.0	NA	249.3484383	246.8679161	248.0930367	248.1031303	430.5511246	427.401207	431.2263565	429.7262293	0.3631263	0.0	0.0	NA	0.1210421	NA	NA	NA	49.907794	NA	NA	NA	1.3152318	-0.0458618	-0.0198074	-0.0076892	-0.0733584	NA	NA	NA	0.0780669	0.1071302	NA	NA	NA	NA	NA	NA	NA	NA	NA	NA	NA	NA	NA	NA	NA	NA	NA	NA	NA	NA	NA	NA	NA	NA	NA	NA	715545.25	2662145523.0	4.0	NA
2019-01-28 23:50:00	CT08	2019-01-28 23:50:41	0.0	12.0	1.0	NA	249.3428802	246.7654495	248.2366562	248.1149953	430.3311615	427.4593811	431.4502411	429.7469279	0.3627772	0.0	0.0	NA	0.1209257	NA	NA	NA	49.9744673	NA	NA	NA	1.3222592	-0.0455571	-0.0200842	-0.0063837	-0.072025	NA	NA	NA	0.0781371	0.1062708	NA	NA	NA	NA	NA	NA	NA	NA	NA	NA	NA	NA	NA	NA	NA	NA	NA	NA	NA	NA	NA	NA	NA	NA	NA	NA	715551.5	2662145523.0	4.0	NA
