Tstamp	m2	m3	m4	m5	m6	m7	Voltage_R_Phase	Voltage_Y_Phase	Voltage_B_Phase	Average_Voltage	Voltage_R_Y	Voltage_Y_B	Voltage_B_R	Line_To_Line_Voltage_Average	Current_R	Current_Y	Current_B	Current_N	Average_Current	Frequency_R	Frequency_Y	Frequency_B	Average_Frequency	Power_Factor_R	Power_Factor_Y	Power_Factor_B	Average_Power_Factor	Active_Power_R	Active_Power_Y	Active_Power_B	Total_Power	Reactive_Power_R	Reactive_Power_Y	Reactive_Power_B	Total_Reactive_Power	Total_Apparent_Power	Active_Energy	Reactive_Energy	Apparent_Power_R	Apparent_Power_Y	Apparent_Power_B	Reactive_Energy2	Maximum_Active_Power	Minimum_Active_Power	Maximum_Reactive_Power	Minimum_Reactive_Power	Maximum_Apparent_Power	Wh_Received	VAh_Received	VARh_Inductive_Received	VARh_Capacitive_Received	Energy_Export1	VAh_Delivered	VARh_Ind_Delivered	VARh_Cap_Delivered	THD	Active_Total_Import	Active_Total_Export	Apparent_Import	Aparent_Export	Energy_Today	m1	Energy_Import	Energy_Export	m66	Total_KW_Avg
2019-01-27 00:05:00	CT08	2019-01-27 00:05:03	0.0	12.0	1.0	NA	251.2392616	248.9933395	249.9258118	250.0528043	433.9007645	430.5792084	434.8284073	433.1027934	0.4197305	0.3622064	0.0	NA	0.2606456	NA	NA	NA	50.1516953	NA	NA	NA	1.3189647	-0.0343564	-0.019091	-0.0012855	-0.0730185	NA	NA	NA	0.0961156	0.1354742	NA	NA	NA	NA	NA	NA	NA	NA	NA	NA	NA	NA	NA	NA	NA	NA	NA	NA	NA	NA	NA	NA	NA	NA	NA	NA	713348.75	2652588415.0	4.0	NA
2019-01-27 00:10:00	CT08	2019-01-27 00:10:25	0.0	12.0	1.0	NA	250.7621574	248.6759491	249.6328011	249.6903025	433.1546936	430.1496429	434.1207733	432.4750366	0.4222433	0.3688303	0.0	NA	0.2636912	NA	NA	NA	50.0764637	NA	NA	NA	1.314724	-0.0452758	-0.0266862	-0.0015372	-0.0734992	NA	NA	NA	0.0936159	0.1341658	NA	NA	NA	NA	NA	NA	NA	NA	NA	NA	NA	NA	NA	NA	NA	NA	NA	NA	NA	NA	NA	NA	NA	NA	NA	NA	713355.5	2652588415.0	4.0	NA
2019-01-27 00:15:00	CT08	2019-01-27 00:15:44	0.0	12.0	1.0	NA	250.1365585	247.9806175	248.9074516	249.0082092	432.0874863	428.9467163	432.8471069	431.2937698	0.3989874	0.3427118	0.0	NA	0.247233	NA	NA	NA	50.0850267	NA	NA	NA	1.6028148	-0.0441424	-0.0254157	-0.0042784	-0.0738365	NA	NA	NA	0.1705982	0.1858942	NA	NA	NA	NA	NA	NA	NA	NA	NA	NA	NA	NA	NA	NA	NA	NA	NA	NA	NA	NA	NA	NA	NA	NA	NA	NA	713361.75	2652588415.0	4.0	NA
2019-01-27 00:20:00	CT08	2019-01-27 00:19:45	0.0	12.0	1.0	NA	250.7841644	248.7634226	249.4959056	249.6811642	433.3866679	430.0905253	433.8984782	432.4585571	0.4049249	0.3537986	0.0	NA	0.2529078	NA	NA	NA	50.1256358	NA	NA	NA	1.613891	-0.0442811	-0.0259025	-0.0032679	-0.0734515	NA	NA	NA	0.175498	0.1902504	NA	NA	NA	NA	NA	NA	NA	NA	NA	NA	NA	NA	NA	NA	NA	NA	NA	NA	NA	NA	NA	NA	NA	NA	NA	NA	713367.6666667	2652588415.0	4.0	NA
2019-01-27 00:25:00	CT08	2019-01-27 00:25:08	0.0	12.0	1.0	NA	250.8974113	248.9599419	249.5505486	249.8026339	433.6354752	430.3100052	434.062706	432.6693954	0.4128253	0.3581903	0.0	NA	0.2570052	NA	NA	NA	50.1201677	NA	NA	NA	1.4623042	-0.044697	-0.0263284	-0.002325	-0.0733504	NA	NA	NA	0.1335027	0.1611288	NA	NA	NA	NA	NA	NA	NA	NA	NA	NA	NA	NA	NA	NA	NA	NA	NA	NA	NA	NA	NA	NA	NA	NA	NA	NA	713373.25	2652588415.0	4.0	NA
2019-01-27 00:30:00	CT08	2019-01-27 00:30:28	0.0	12.0	1.0	NA	250.9225349	248.7168694	249.5727043	249.7373695	433.3755417	430.0224304	434.2713089	432.556427	0.4011183	0.345918	0.0	NA	0.2490121	NA	NA	NA	50.0976934	NA	NA	NA	1.609292	-0.0445335	-0.025064	-0.003644	-0.0732415	NA	NA	NA	0.1725575	0.1874591	NA	NA	NA	NA	NA	NA	NA	NA	NA	NA	NA	NA	NA	NA	NA	NA	NA	NA	NA	NA	NA	NA	NA	NA	NA	NA	713379.75	2652588415.0	4.0	NA
2019-01-27 00:35:00	CT08	2019-01-27 00:35:48	0.0	12.0	1.0	NA	250.9957886	248.9451256	249.6424217	249.861112	433.6620636	430.3398972	434.3099213	432.7706273	0.3965905	0.341941	0.0	NA	0.2461772	NA	NA	NA	50.1132154	NA	NA	NA	1.6057468	-0.0444741	-0.0247766	-0.0038812	-0.0731319	NA	NA	NA	0.1704901	0.1855165	NA	NA	NA	NA	NA	NA	NA	NA	NA	NA	NA	NA	NA	NA	NA	NA	NA	NA	NA	NA	NA	NA	NA	NA	NA	NA	713386.25	2652588415.0	4.0	NA
2019-01-27 00:40:00	CT08	2019-01-27 00:40:42	0.0	12.0	1.0	NA	251.1350149	249.1110484	249.8101959	250.0187531	433.9432678	430.6190287	434.5687154	433.0436707	0.4047745	0.3522188	0.0	NA	0.2523311	NA	NA	NA	50.0966543	NA	NA	NA	1.618803	-0.0441292	-0.0254213	-0.0027823	-0.0723328	NA	NA	NA	0.1755404	0.1898777	NA	NA	NA	NA	NA	NA	NA	NA	NA	NA	NA	NA	NA	NA	NA	NA	NA	NA	NA	NA	NA	NA	NA	NA	NA	NA	713392.3333333	2652588415.0	4.0	NA
2019-01-27 00:45:00	CT08	2019-01-27 00:44:42	0.0	12.0	1.0	NA	251.3254852	249.0139618	250.026179	250.1218753	433.9255676	430.648763	435.0933228	433.2225511	0.4108153	0.3560257	0.0	NA	0.2556137	NA	NA	NA	50.0921529	NA	NA	NA	1.4115907	-0.0452749	-0.0247659	-0.0032253	-0.0732662	NA	NA	NA	0.1193863	0.1513215	NA	NA	NA	NA	NA	NA	NA	NA	NA	NA	NA	NA	NA	NA	NA	NA	NA	NA	NA	NA	NA	NA	NA	NA	NA	NA	713398.0	2652588415.0	4.0	NA
2019-01-27 00:50:00	CT08	2019-01-27 00:50:01	0.0	12.0	1.0	NA	251.0243301	249.102726	249.6753922	249.9341494	433.8709946	430.5232697	434.2967911	432.8970184	0.4066314	0.3544229	0.0	NA	0.2536848	NA	NA	NA	50.0589581	NA	NA	NA	1.6225908	-0.0445744	-0.0252859	-0.0020121	-0.0718724	NA	NA	NA	0.1764101	0.1905028	NA	NA	NA	NA	NA	NA	NA	NA	NA	NA	NA	NA	NA	NA	NA	NA	NA	NA	NA	NA	NA	NA	NA	NA	NA	NA	713403.5	2652588415.0	4.0	NA
2019-01-27 00:55:00	CT08	2019-01-27 00:55:23	0.0	12.0	1.0	NA	250.8859787	248.780838	249.544281	249.7370326	433.4089737	430.103714	434.1542664	432.5556513	0.3985104	0.3429759	0.0	NA	0.2471621	NA	NA	NA	50.0617132	NA	NA	NA	1.606085	-0.0447144	-0.0243883	-0.0042365	-0.0733392	NA	NA	NA	0.1711845	0.1862385	NA	NA	NA	NA	NA	NA	NA	NA	NA	NA	NA	NA	NA	NA	NA	NA	NA	NA	NA	NA	NA	NA	NA	NA	NA	NA	713410.25	2652588415.0	4.0	NA
2019-01-27 01:00:00	CT08	2019-01-27 01:00:46	0.0	12.0	1.0	NA	251.0738945	248.9750633	249.8296165	249.9595248	433.6947937	430.5243454	434.6040955	432.9410782	0.3996497	0.346761	0.0	NA	0.2488035	NA	NA	NA	50.0731249	NA	NA	NA	1.609931	-0.0443837	-0.0252611	-0.0033863	-0.0730311	NA	NA	NA	0.1725475	0.1873835	NA	NA	NA	NA	NA	NA	NA	NA	NA	NA	NA	NA	NA	NA	NA	NA	NA	NA	NA	NA	NA	NA	NA	NA	NA	NA	713416.5	2652588415.0	4.0	NA
2019-01-27 01:05:00	CT08	2019-01-27 01:04:44	0.0	12.0	1.0	NA	251.4720256	249.1664174	250.1464081	250.261617	434.2010498	430.8786316	435.3131205	433.4642673	0.4025778	0.3446965	0.0	NA	0.2490914	NA	NA	NA	50.1054039	NA	NA	NA	1.6074243	-0.0456467	-0.0238632	-0.0042513	-0.0737612	NA	NA	NA	0.172857	0.187941	NA	NA	NA	NA	NA	NA	NA	NA	NA	NA	NA	NA	NA	NA	NA	NA	NA	NA	NA	NA	NA	NA	NA	NA	NA	NA	713422.3333333	2652588415.0	4.0	NA
2019-01-27 01:10:00	CT08	2019-01-27 01:10:06	0.0	12.0	1.0	NA	250.9916573	248.8907661	249.7053261	249.8625832	433.579834	430.3396988	434.3999939	432.7731756	0.3838128	0.324766	0.0	NA	0.2361929	NA	NA	NA	50.0698519	NA	NA	NA	1.5881267	-0.0443713	-0.0235338	-0.0056504	-0.0735555	NA	NA	NA	0.1628229	0.17868	NA	NA	NA	NA	NA	NA	NA	NA	NA	NA	NA	NA	NA	NA	NA	NA	NA	NA	NA	NA	NA	NA	NA	NA	NA	NA	713428.25	2652588415.0	4.0	NA
2019-01-27 01:15:00	CT08	2019-01-27 01:15:26	0.0	12.0	1.0	NA	250.9560013	248.8846931	249.6774254	249.8393733	433.5341644	430.3360977	434.3289795	432.7330805	0.4062207	0.3500105	0.0	NA	0.2520771	NA	NA	NA	50.0869398	NA	NA	NA	1.610485	-0.0457856	-0.0251799	-0.0028098	-0.0737753	NA	NA	NA	0.1744773	0.1894367	NA	NA	NA	NA	NA	NA	NA	NA	NA	NA	NA	NA	NA	NA	NA	NA	NA	NA	NA	NA	NA	NA	NA	NA	NA	NA	713434.5	2652588415.0	4.0	NA
2019-01-27 01:20:00	CT08	2019-01-27 01:19:29	0.0	12.0	1.0	NA	251.2737834	249.0462087	250.0538025	250.1245982	433.8900655	430.7456258	435.0458883	433.2271932	0.3992298	0.3411936	0.0	NA	0.2468078	NA	NA	NA	50.1318156	NA	NA	NA	1.6033306	-0.0444844	-0.0245006	-0.0050255	-0.0740105	NA	NA	NA	0.1712711	0.1865794	NA	NA	NA	NA	NA	NA	NA	NA	NA	NA	NA	NA	NA	NA	NA	NA	NA	NA	NA	NA	NA	NA	NA	NA	NA	NA	713440.3333333	2652588415.0	4.0	NA
2019-01-27 01:25:00	CT08	2019-01-27 01:25:43	0.0	12.0	1.0	NA	251.3088837	249.4233093	249.9607506	250.2309812	434.4146042	431.0524979	434.7659988	433.4110336	0.4149915	0.3614248	0.0	NA	0.2588054	NA	NA	NA	50.1175623	NA	NA	NA	1.6221507	-0.0448	-0.0259303	-0.0029155	-0.0736458	NA	NA	NA	0.1805053	0.1949555	NA	NA	NA	NA	NA	NA	NA	NA	NA	NA	NA	NA	NA	NA	NA	NA	NA	NA	NA	NA	NA	NA	NA	NA	NA	NA	713447.0	2652588415.0	4.0	NA
2019-01-27 01:30:00	CT08	2019-01-27 01:29:40	0.0	12.0	1.0	NA	250.9812876	249.0607656	249.6917674	249.9112735	433.7680664	430.5177714	434.2864278	432.8574219	0.4180366	0.3618143	0.0	NA	0.2599503	NA	NA	NA	50.0866407	NA	NA	NA	1.415681	-0.0456558	-0.02631	-0.0013184	-0.0732843	NA	NA	NA	0.1213777	0.1528216	NA	NA	NA	NA	NA	NA	NA	NA	NA	NA	NA	NA	NA	NA	NA	NA	NA	NA	NA	NA	NA	NA	NA	NA	NA	NA	713452.6666667	2652588415.0	4.0	NA
2019-01-27 01:35:00	CT08	2019-01-27 01:35:01	0.0	12.0	1.0	NA	251.037014	248.8781929	249.5513	249.822169	433.6826096	430.1378555	434.2886887	432.7030512	0.4075799	0.349386	0.0	NA	0.252322	NA	NA	NA	50.0777531	NA	NA	NA	1.6151983	-0.0451776	-0.0247937	-0.003046	-0.0730173	NA	NA	NA	0.1751475	0.1897626	NA	NA	NA	NA	NA	NA	NA	NA	NA	NA	NA	NA	NA	NA	NA	NA	NA	NA	NA	NA	NA	NA	NA	NA	NA	NA	713458.5	2652588415.0	4.0	NA
2019-01-27 01:40:00	CT08	2019-01-27 01:40:30	0.0	12.0	1.0	NA	251.2022743	249.1766586	249.7567902	250.045241	434.1209793	430.6021652	434.5456238	433.0895894	0.4021768	0.3510513	0.0	NA	0.251076	NA	NA	NA	50.0641527	NA	NA	NA	1.61392	-0.0436783	-0.0261691	-0.0031969	-0.0730442	NA	NA	NA	0.1745533	0.1892364	NA	NA	NA	NA	NA	NA	NA	NA	NA	NA	NA	NA	NA	NA	NA	NA	NA	NA	NA	NA	NA	NA	NA	NA	NA	NA	713464.75	2652588415.0	4.0	NA
2019-01-27 01:45:00	CT08	2019-01-27 01:45:44	0.0	12.0	1.0	NA	250.9576302	248.9175949	249.6089401	249.8280551	433.6227417	430.2683563	434.2485886	432.7132289	0.4086093	0.3561804	0.0	NA	0.2549299	NA	NA	NA	50.0339518	NA	NA	NA	1.6173723	-0.044484	-0.0263412	-0.0024501	-0.0732753	NA	NA	NA	0.1770439	0.1916163	NA	NA	NA	NA	NA	NA	NA	NA	NA	NA	NA	NA	NA	NA	NA	NA	NA	NA	NA	NA	NA	NA	NA	NA	NA	NA	713471.5	2652588415.0	4.0	NA
2019-01-27 01:50:00	CT08	2019-01-27 01:49:43	0.0	12.0	1.0	NA	251.1315257	249.1098887	249.712326	249.9845801	433.9905701	430.5068868	434.4559123	432.9844564	0.4058652	0.351074	0.0	NA	0.2523131	NA	NA	NA	50.0350456	NA	NA	NA	1.6093393	-0.0451059	-0.0263245	-0.0027527	-0.0741832	NA	NA	NA	0.1747986	0.18989	NA	NA	NA	NA	NA	NA	NA	NA	NA	NA	NA	NA	NA	NA	NA	NA	NA	NA	NA	NA	NA	NA	NA	NA	NA	NA	713477.3333333	2652588415.0	4.0	NA
2019-01-27 01:55:00	CT08	2019-01-27 01:55:04	0.0	12.0	1.0	NA	250.3807487	248.3361206	249.0073776	249.2414157	432.6975098	429.3151321	433.0798874	431.6975098	0.4010278	0.3473267	0.0	NA	0.2494515	NA	NA	NA	50.0135031	NA	NA	NA	1.6112812	-0.0440838	-0.0255669	-0.0031568	-0.0728075	NA	NA	NA	0.1725879	0.1873177	NA	NA	NA	NA	NA	NA	NA	NA	NA	NA	NA	NA	NA	NA	NA	NA	NA	NA	NA	NA	NA	NA	NA	NA	NA	NA	713482.75	2652588415.0	4.0	NA
2019-01-27 02:00:00	CT08	2019-01-27 02:00:24	0.0	12.0	1.0	NA	251.3377342	248.9997826	249.9807129	250.1060766	434.0122452	430.6197739	434.9530106	433.1950099	0.3916894	0.3360336	0.0	NA	0.2425743	NA	NA	NA	50.1130047	NA	NA	NA	1.6024017	-0.0444345	-0.0242418	-0.0040766	-0.0727529	NA	NA	NA	0.1679217	0.1830083	NA	NA	NA	NA	NA	NA	NA	NA	NA	NA	NA	NA	NA	NA	NA	NA	NA	NA	NA	NA	NA	NA	NA	NA	NA	NA	713489.5	2652588415.0	4.0	NA
2019-01-27 02:05:00	CT08	2019-01-27 02:05:17	0.0	12.0	1.0	NA	251.2990417	249.2450256	249.8933563	250.1458079	434.2392069	430.7747498	434.7770487	433.2636685	0.4015564	0.3481806	0.0	NA	0.2499123	NA	NA	NA	50.0921847	NA	NA	NA	1.6096356	-0.0444495	-0.0252446	-0.0039025	-0.0735966	NA	NA	NA	0.1736167	0.1885787	NA	NA	NA	NA	NA	NA	NA	NA	NA	NA	NA	NA	NA	NA	NA	NA	NA	NA	NA	NA	NA	NA	NA	NA	NA	NA	713496.0	2652588415.0	4.0	NA
2019-01-27 02:10:00	CT08	2019-01-27 02:10:38	0.0	12.0	1.0	NA	250.6937943	248.4880714	249.5354462	249.5724373	432.9248886	429.8767471	434.010704	432.2707799	0.4070957	0.3490508	0.0	NA	0.2520488	NA	NA	NA	50.0427885	NA	NA	NA	1.6091595	-0.0456414	-0.0254794	-0.0028093	-0.0739301	NA	NA	NA	0.1741802	0.1892338	NA	NA	NA	NA	NA	NA	NA	NA	NA	NA	NA	NA	NA	NA	NA	NA	NA	NA	NA	NA	NA	NA	NA	NA	NA	NA	713501.75	2652588415.0	4.0	NA
2019-01-27 02:15:00	CT08	2019-01-27 02:14:39	0.0	12.0	1.0	NA	250.7095337	248.466217	249.4087372	249.5281626	432.9449056	429.7051392	433.9321899	432.1940782	0.4075289	0.3505193	0.0	NA	0.2526827	NA	NA	NA	50.0554975	NA	NA	NA	1.6167697	-0.045176	-0.0245907	-0.0028981	-0.0726648	NA	NA	NA	0.1751856	0.1896615	NA	NA	NA	NA	NA	NA	NA	NA	NA	NA	NA	NA	NA	NA	NA	NA	NA	NA	NA	NA	NA	NA	NA	NA	NA	NA	713507.3333333	2652588415.0	4.0	NA
2019-01-27 02:20:00	CT08	2019-01-27 02:19:59	0.0	12.0	1.0	NA	251.0402679	248.886055	249.7632141	249.8965123	433.60186	430.3742218	434.520462	432.8321813	0.4033675	0.3473808	0.0	NA	0.2502494	NA	NA	NA	50.0655231	NA	NA	NA	1.6105142	-0.0452373	-0.0246216	-0.0034856	-0.0733445	NA	NA	NA	0.1734684	0.1883383	NA	NA	NA	NA	NA	NA	NA	NA	NA	NA	NA	NA	NA	NA	NA	NA	NA	NA	NA	NA	NA	NA	NA	NA	NA	NA	713513.25	2652588415.0	4.0	NA
2019-01-27 02:25:00	CT08	2019-01-27 02:25:18	0.0	12.0	1.0	NA	250.9618111	248.6154823	249.7886696	249.7886543	433.2514267	430.1685791	434.5161285	432.6453781	0.4069481	0.3501159	0.0	NA	0.2523546	NA	NA	NA	50.0382633	NA	NA	NA	1.613929	-0.0447562	-0.0254633	-0.0030073	-0.0732269	NA	NA	NA	0.1750179	0.1897332	NA	NA	NA	NA	NA	NA	NA	NA	NA	NA	NA	NA	NA	NA	NA	NA	NA	NA	NA	NA	NA	NA	NA	NA	NA	NA	713519.75	2652588415.0	4.0	NA
2019-01-27 02:30:00	CT08	2019-01-27 02:30:39	0.0	12.0	1.0	NA	251.3260612	249.2380753	250.0555153	250.2065506	434.2503281	430.9927597	434.8640671	433.3690516	0.4101277	0.3586001	0.0	NA	0.2562426	NA	NA	NA	50.0560694	NA	NA	NA	1.6250675	-0.0443355	-0.0258614	-0.0020054	-0.0722022	NA	NA	NA	0.1785994	0.1926459	NA	NA	NA	NA	NA	NA	NA	NA	NA	NA	NA	NA	NA	NA	NA	NA	NA	NA	NA	NA	NA	NA	NA	NA	NA	NA	713526.25	2652588415.0	4.0	NA
2019-01-27 02:35:00	CT08	2019-01-27 02:34:40	0.0	12.0	1.0	NA	251.8370158	249.8580271	250.4493306	250.7147912	435.2279968	431.8354187	435.6839905	434.2491353	0.4044026	0.3484526	0.0	NA	0.2509517	NA	NA	NA	50.0648677	NA	NA	NA	1.6178387	-0.0449043	-0.0247127	-0.0027011	-0.0723181	NA	NA	NA	0.1748866	0.1892519	NA	NA	NA	NA	NA	NA	NA	NA	NA	NA	NA	NA	NA	NA	NA	NA	NA	NA	NA	NA	NA	NA	NA	NA	NA	NA	713532.0	2652588415.0	4.0	NA
2019-01-27 02:40:00	CT08	2019-01-27 02:40:01	0.0	12.0	1.0	NA	251.4486427	249.4970741	250.1511726	250.3656298	434.58638	431.3262711	435.0210495	433.6445669	0.4052715	0.3498762	0.0	NA	0.2517159	NA	NA	NA	50.0237436	NA	NA	NA	1.6165925	-0.0450003	-0.0247965	-0.0029036	-0.0727005	NA	NA	NA	0.1751241	0.1896171	NA	NA	NA	NA	NA	NA	NA	NA	NA	NA	NA	NA	NA	NA	NA	NA	NA	NA	NA	NA	NA	NA	NA	NA	NA	NA	713537.5	2652588415.0	4.0	NA
2019-01-27 02:45:00	CT08	2019-01-27 02:44:55	0.0	12.0	1.0	NA	251.8047231	249.6044464	250.271759	250.5603095	435.066274	431.3646851	435.5143636	433.9817742	0.4067618	0.3519048	0.0	NA	0.2528889	NA	NA	NA	50.0361265	NA	NA	NA	1.4096847	-0.0454218	-0.0252507	-0.0028492	-0.0735218	NA	NA	NA	0.1182772	0.1506332	NA	NA	NA	NA	NA	NA	NA	NA	NA	NA	NA	NA	NA	NA	NA	NA	NA	NA	NA	NA	NA	NA	NA	NA	NA	NA	713544.0	2652588415.0	4.0	NA
2019-01-27 02:50:00	CT08	2019-01-27 02:50:12	0.0	12.0	1.0	NA	251.7161331	249.7443504	250.3219376	250.5941404	435.0677261	431.6199188	435.4330826	434.0402425	0.400739	0.344502	0.0	NA	0.2484137	NA	NA	NA	50.0748014	NA	NA	NA	1.6109165	-0.0449233	-0.0248912	-0.0030783	-0.0728929	NA	NA	NA	0.172667	0.1874358	NA	NA	NA	NA	NA	NA	NA	NA	NA	NA	NA	NA	NA	NA	NA	NA	NA	NA	NA	NA	NA	NA	NA	NA	NA	NA	713550.0	2652588415.0	4.0	NA
2019-01-27 02:55:00	CT08	2019-01-27 02:55:36	0.0	12.0	1.0	NA	251.184124	249.0460777	249.7623138	249.9975052	433.949646	430.4890213	434.5818634	433.0068436	0.3938415	0.3347884	0.0	NA	0.2428767	NA	NA	NA	50.054389	NA	NA	NA	1.598776	-0.0451159	-0.0239656	-0.0044589	-0.0735404	NA	NA	NA	0.1678899	0.1832907	NA	NA	NA	NA	NA	NA	NA	NA	NA	NA	NA	NA	NA	NA	NA	NA	NA	NA	NA	NA	NA	NA	NA	NA	NA	NA	713556.5	2652588415.0	4.0	NA
2019-01-27 03:00:00	CT08	2019-01-27 03:00:53	0.0	12.0	1.0	NA	251.2045898	249.0760689	249.8088417	250.0298335	434.0371552	430.5976639	434.5536804	433.0628332	0.4066304	0.3526626	0.0	NA	0.2530977	NA	NA	NA	50.0724249	NA	NA	NA	1.464418	-0.045014	-0.025373	-0.002814	-0.073201	NA	NA	NA	0.1342173	0.161363	NA	NA	NA	NA	NA	NA	NA	NA	NA	NA	NA	NA	NA	NA	NA	NA	NA	NA	NA	NA	NA	NA	NA	NA	NA	NA	713563.0	2652588415.0	4.0	NA
2019-01-27 03:05:00	CT08	2019-01-27 03:04:57	0.0	12.0	1.0	NA	251.5819753	249.2804565	250.1765442	250.3463253	434.4703267	431.0003153	435.3625081	433.6110501	0.4138534	0.3581283	0.0	NA	0.2573272	NA	NA	NA	50.1026917	NA	NA	NA	1.62346	-0.0454006	-0.0254039	-0.00202	-0.0728245	NA	NA	NA	0.1792706	0.1935072	NA	NA	NA	NA	NA	NA	NA	NA	NA	NA	NA	NA	NA	NA	NA	NA	NA	NA	NA	NA	NA	NA	NA	NA	NA	NA	713568.6666667	2652588415.0	4.0	NA
2019-01-27 03:10:00	CT08	2019-01-27 03:10:15	0.0	12.0	1.0	NA	251.595005	249.4189911	250.2760239	250.4300067	434.5568848	431.2458801	435.4650955	433.7559535	0.4157146	0.3636283	0.0	NA	0.259781	NA	NA	NA	50.0997057	NA	NA	NA	1.6260392	-0.0453526	-0.0258601	-0.001828	-0.0730407	NA	NA	NA	0.1811721	0.195344	NA	NA	NA	NA	NA	NA	NA	NA	NA	NA	NA	NA	NA	NA	NA	NA	NA	NA	NA	NA	NA	NA	NA	NA	NA	NA	713574.5	2652588415.0	4.0	NA
2019-01-27 03:15:00	CT08	2019-01-27 03:15:36	0.0	12.0	1.0	NA	250.9908218	248.8737717	249.5057716	249.7901217	433.7468033	430.1565628	434.0395966	432.6476542	0.398833	0.3406317	0.0	NA	0.2464883	NA	NA	NA	50.0165358	NA	NA	NA	1.6017247	-0.0448601	-0.0249049	-0.0042483	-0.0740133	NA	NA	NA	0.1705177	0.1858951	NA	NA	NA	NA	NA	NA	NA	NA	NA	NA	NA	NA	NA	NA	NA	NA	NA	NA	NA	NA	NA	NA	NA	NA	NA	NA	713580.75	2652588415.0	4.0	NA
2019-01-27 03:20:00	CT08	2019-01-27 03:20:56	0.0	12.0	1.0	NA	250.8330879	248.7308769	249.4876595	249.6838748	433.3981094	430.0781479	433.914978	432.4637451	0.4092833	0.3502877	0.0	NA	0.2531903	NA	NA	NA	50.0532665	NA	NA	NA	1.6010455	-0.0469085	-0.0260202	-0.0029454	-0.0758741	NA	NA	NA	0.1744607	0.1902555	NA	NA	NA	NA	NA	NA	NA	NA	NA	NA	NA	NA	NA	NA	NA	NA	NA	NA	NA	NA	NA	NA	NA	NA	NA	NA	713587.5	2652588415.0	4.0	NA
2019-01-27 03:25:00	CT08	2019-01-27 03:25:48	0.0	12.0	1.0	NA	251.1146851	249.1536357	249.72317	249.9971636	434.0723674	430.6413066	434.305837	433.0065036	0.4130828	0.3574045	0.0	NA	0.2568291	NA	NA	NA	50.0734355	NA	NA	NA	1.6154193	-0.0458616	-0.0260218	-0.0023485	-0.0742319	NA	NA	NA	0.1782009	0.1930512	NA	NA	NA	NA	NA	NA	NA	NA	NA	NA	NA	NA	NA	NA	NA	NA	NA	NA	NA	NA	NA	NA	NA	NA	NA	NA	713594.0	2652588415.0	4.0	NA
2019-01-27 03:30:00	CT08	2019-01-27 03:29:45	0.0	12.0	1.0	NA	251.080246	249.0768585	249.7022959	249.9531335	433.9679972	430.5571594	434.2647807	432.9299791	0.4129114	0.3632972	0.0	NA	0.2587362	NA	NA	NA	50.0724831	NA	NA	NA	1.4117567	-0.0448509	-0.0269103	-0.001967	-0.0737282	NA	NA	NA	0.1200422	0.1524716	NA	NA	NA	NA	NA	NA	NA	NA	NA	NA	NA	NA	NA	NA	NA	NA	NA	NA	NA	NA	NA	NA	NA	NA	NA	NA	713599.3333333	2652588415.0	4.0	NA
2019-01-27 03:35:00	CT08	2019-01-27 03:35:09	0.0	12.0	1.0	NA	251.3397903	249.1711426	249.8262138	250.1123823	434.2416382	430.6143799	434.7616043	433.2058741	0.4085346	0.3552447	0.0	NA	0.2545931	NA	NA	NA	50.059288	NA	NA	NA	1.618259	-0.0449908	-0.0255359	-0.0025797	-0.0731064	NA	NA	NA	0.1770455	0.1915499	NA	NA	NA	NA	NA	NA	NA	NA	NA	NA	NA	NA	NA	NA	NA	NA	NA	NA	NA	NA	NA	NA	NA	NA	NA	NA	713605.0	2652588415.0	4.0	NA
2019-01-27 03:40:00	CT08	2019-01-27 03:40:31	0.0	12.0	1.0	NA	250.4999962	248.3418808	249.1961479	249.3460083	432.7993698	429.553009	433.2843704	431.8789164	0.3979231	0.3423182	0.0	NA	0.2467471	NA	NA	NA	50.0479012	NA	NA	NA	1.4568372	-0.0449398	-0.0243585	-0.0034428	-0.0727411	NA	NA	NA	0.1284705	0.1566838	NA	NA	NA	NA	NA	NA	NA	NA	NA	NA	NA	NA	NA	NA	NA	NA	NA	NA	NA	NA	NA	NA	NA	NA	NA	NA	713611.5	2652588415.0	4.0	NA
2019-01-27 03:45:00	CT08	2019-01-27 03:45:51	0.0	12.0	1.0	NA	250.2019501	248.1276817	249.0373726	249.1223348	432.3567352	429.2910767	432.8270035	431.4916051	0.4036617	0.3473888	0.0	NA	0.2503502	NA	NA	NA	50.0317822	NA	NA	NA	1.612445	-0.0443191	-0.0255014	-0.0029467	-0.0727672	NA	NA	NA	0.1730854	0.1877616	NA	NA	NA	NA	NA	NA	NA	NA	NA	NA	NA	NA	NA	NA	NA	NA	NA	NA	NA	NA	NA	NA	NA	NA	NA	NA	713618.0	2652588415.0	4.0	NA
2019-01-27 03:50:00	CT08	2019-01-27 03:49:52	0.0	12.0	1.0	NA	250.3228607	248.3442078	249.1426951	249.2699212	432.7135722	429.5995687	432.9278666	431.7470025	0.3970256	0.3486195	0.0	NA	0.2485484	NA	NA	NA	50.0211843	NA	NA	NA	1.609043	-0.0437716	-0.0259827	-0.0032224	-0.0729768	NA	NA	NA	0.1718116	0.1866692	NA	NA	NA	NA	NA	NA	NA	NA	NA	NA	NA	NA	NA	NA	NA	NA	NA	NA	NA	NA	NA	NA	NA	NA	NA	NA	713623.6666667	2652588415.0	4.0	NA
2019-01-27 03:55:00	CT08	2019-01-27 03:55:11	0.0	12.0	1.0	NA	250.5354652	248.4316826	249.2939034	249.4203504	432.9606552	429.7366562	433.3251572	432.0074895	0.4053397	0.3505756	0.0	NA	0.2519718	NA	NA	NA	50.0521517	NA	NA	NA	1.4597507	-0.0446444	-0.025518	-0.0031367	-0.0732991	NA	NA	NA	0.1326962	0.1599235	NA	NA	NA	NA	NA	NA	NA	NA	NA	NA	NA	NA	NA	NA	NA	NA	NA	NA	NA	NA	NA	NA	NA	NA	NA	NA	713629.5	2652588415.0	4.0	NA
2019-01-27 04:00:00	CT08	2019-01-27 04:00:35	0.0	12.0	1.0	NA	250.0886192	247.8229294	248.9788628	248.9634705	432.0117874	429.0267563	432.6114044	431.2166494	0.4141909	0.3587274	0.0	NA	0.2576394	NA	NA	NA	50.0598984	NA	NA	NA	1.4668378	-0.0451486	-0.025712	-0.0015853	-0.0724459	NA	NA	NA	0.1352651	0.1619499	NA	NA	NA	NA	NA	NA	NA	NA	NA	NA	NA	NA	NA	NA	NA	NA	NA	NA	NA	NA	NA	NA	NA	NA	NA	NA	713635.75	2652588415.0	4.0	NA
2019-01-27 04:05:00	CT08	2019-01-27 04:05:28	0.0	12.0	1.0	NA	250.4932912	248.527298	249.312561	249.4443834	432.9842733	429.8999634	433.2636007	432.0492791	0.393626	0.3380551	0.0	NA	0.2438937	NA	NA	NA	50.0401497	NA	NA	NA	1.6018183	-0.0441416	-0.0253724	-0.0034798	-0.0729938	NA	NA	NA	0.1682491	0.1834145	NA	NA	NA	NA	NA	NA	NA	NA	NA	NA	NA	NA	NA	NA	NA	NA	NA	NA	NA	NA	NA	NA	NA	NA	NA	NA	713642.0	2652588415.0	4.0	NA
2019-01-27 04:10:00	CT08	2019-01-27 04:10:47	0.0	12.0	1.0	NA	250.516571	248.3345795	249.2793159	249.3768222	432.7673187	429.5786667	433.4501648	431.9320501	0.3961127	0.3406871	0.0	NA	0.2455999	NA	NA	NA	49.9526672	NA	NA	NA	1.605516	-0.0440251	-0.0249062	-0.0038666	-0.0727979	NA	NA	NA	0.1697754	0.1847495	NA	NA	NA	NA	NA	NA	NA	NA	NA	NA	NA	NA	NA	NA	NA	NA	NA	NA	NA	NA	NA	NA	NA	NA	NA	NA	713648.25	2652588415.0	4.0	NA
2019-01-27 04:15:00	CT08	2019-01-27 04:14:50	0.0	12.0	1.0	NA	250.4003245	248.609141	249.0642497	249.3579051	433.1049194	429.7381795	432.854248	431.8991157	0.400078	0.34744	0.0	NA	0.2491727	NA	NA	NA	49.9757131	NA	NA	NA	1.618603	-0.0434068	-0.0252147	-0.0026825	-0.071304	NA	NA	NA	0.1728952	0.1870275	NA	NA	NA	NA	NA	NA	NA	NA	NA	NA	NA	NA	NA	NA	NA	NA	NA	NA	NA	NA	NA	NA	NA	NA	NA	NA	713654.0	2652588415.0	4.0	NA
2019-01-27 04:20:00	CT08	2019-01-27 04:20:09	0.0	12.0	1.0	NA	251.133667	249.1108208	249.8432541	250.0292473	434.0395126	430.7703705	434.3760452	433.0619761	0.4116838	0.3573938	0.0	NA	0.2563592	NA	NA	NA	50.1009712	NA	NA	NA	1.463151	-0.0452562	-0.025606	-0.0022195	-0.0730817	NA	NA	NA	0.1334714	0.1610076	NA	NA	NA	NA	NA	NA	NA	NA	NA	NA	NA	NA	NA	NA	NA	NA	NA	NA	NA	NA	NA	NA	NA	NA	NA	NA	713659.5	2652588415.0	4.0	NA
2019-01-27 04:25:00	CT08	2019-01-27 04:25:28	0.0	12.0	1.0	NA	251.0199509	249.0617981	249.5424728	249.8747406	433.9699631	430.4319153	433.981369	432.7944158	0.4044581	0.3489083	0.0	NA	0.2511221	NA	NA	NA	50.0766687	NA	NA	NA	1.6123889	-0.0447513	-0.0254849	-0.0029822	-0.0732184	NA	NA	NA	0.174203	0.188977	NA	NA	NA	NA	NA	NA	NA	NA	NA	NA	NA	NA	NA	NA	NA	NA	NA	NA	NA	NA	NA	NA	NA	NA	NA	NA	713666.25	2652588415.0	4.0	NA
2019-01-27 04:30:00	CT08	2019-01-27 04:30:53	0.0	12.0	1.0	NA	251.0472031	249.0839882	249.7724533	249.9678815	433.976181	430.7041626	434.1870041	432.9557826	0.4123622	0.357317	0.0	NA	0.2565597	NA	NA	NA	50.072319	NA	NA	NA	1.4656578	-0.0446853	-0.0261784	-0.0016953	-0.072559	NA	NA	NA	0.1338311	0.1609116	NA	NA	NA	NA	NA	NA	NA	NA	NA	NA	NA	NA	NA	NA	NA	NA	NA	NA	NA	NA	NA	NA	NA	NA	NA	NA	713672.5	2652588415.0	4.0	NA
2019-01-27 04:35:00	CT08	2019-01-27 04:34:51	0.0	12.0	1.0	NA	250.9110921	248.807368	249.6065063	249.7749888	433.677887	430.3201599	433.8669739	432.6216736	0.4164356	0.3626721	0.0	NA	0.2597026	NA	NA	NA	50.0720266	NA	NA	NA	1.4169543	-0.0450103	-0.0263072	-0.0020229	-0.0733404	NA	NA	NA	0.1216066	0.1535293	NA	NA	NA	NA	NA	NA	NA	NA	NA	NA	NA	NA	NA	NA	NA	NA	NA	NA	NA	NA	NA	NA	NA	NA	NA	NA	713678.3333333	2652588415.0	4.0	NA
2019-01-27 04:40:00	CT08	2019-01-27 04:40:09	0.0	12.0	1.0	NA	251.0686913	249.0377426	249.6756516	249.9273618	433.9995193	430.5218124	434.1359482	432.88576	0.4055694	0.3509506	0.0	NA	0.2521733	NA	NA	NA	50.065134	NA	NA	NA	1.6167785	-0.0442175	-0.0256948	-0.0027947	-0.0727071	NA	NA	NA	0.1752602	0.1897458	NA	NA	NA	NA	NA	NA	NA	NA	NA	NA	NA	NA	NA	NA	NA	NA	NA	NA	NA	NA	NA	NA	NA	NA	NA	NA	713684.0	2652588415.0	4.0	NA
2019-01-27 04:45:00	CT08	2019-01-27 04:44:11	0.0	12.0	1.0	NA	251.0439758	248.8016459	249.6430918	249.8295712	433.6303202	430.1938171	434.3244324	432.7161899	0.4043855	0.345904	0.0	NA	0.2500965	NA	NA	NA	50.0130526	NA	NA	NA	1.6140017	-0.0448448	-0.0247444	-0.0029659	-0.072555	NA	NA	NA	0.1734935	0.1880642	NA	NA	NA	NA	NA	NA	NA	NA	NA	NA	NA	NA	NA	NA	NA	NA	NA	NA	NA	NA	NA	NA	NA	NA	NA	NA	713689.6666667	2652588415.0	4.0	NA
2019-01-27 04:50:00	CT08	2019-01-27 04:47:45	0.0	12.0	1.0	NA	250.5954666	248.5511856	249.3556595	249.5007706	433.0485535	429.8869781	433.5045013	432.1466777	0.3947951	0.3368071	0.0	NA	0.2438674	NA	NA	NA	50.04356	NA	NA	NA	1.59588	-0.0451995	-0.0248821	-0.0041082	-0.0741897	NA	NA	NA	0.1679289	0.1835875	NA	NA	NA	NA	NA	NA	NA	NA	NA	NA	NA	NA	NA	NA	NA	NA	NA	NA	NA	NA	NA	NA	NA	NA	NA	NA	713695.0	2652588415.0	4.0	NA
2019-01-27 04:55:00	CT08	2019-01-27 04:55:14	0.0	12.0	1.0	NA	250.8601494	248.7110481	249.5386314	249.7032763	433.4248657	430.0821457	433.9850845	432.4973653	0.3939807	0.3351092	0.0	NA	0.24303	NA	NA	NA	49.9928865	NA	NA	NA	1.596691	-0.0457111	-0.0239887	-0.0040818	-0.0737817	NA	NA	NA	0.1674417	0.1829806	NA	NA	NA	NA	NA	NA	NA	NA	NA	NA	NA	NA	NA	NA	NA	NA	NA	NA	NA	NA	NA	NA	NA	NA	NA	NA	713702.25	2652588415.0	4.0	NA
2019-01-27 05:00:00	CT08	2019-01-27 05:00:34	0.0	12.0	1.0	NA	251.240963	249.302494	249.8001251	250.1145274	434.3735046	430.8284302	434.426857	433.2095973	0.3956561	0.3394204	0.0	NA	0.2450255	NA	NA	NA	50.0448456	NA	NA	NA	1.6026833	-0.0446779	-0.0247067	-0.0040875	-0.0734721	NA	NA	NA	0.1697279	0.1849525	NA	NA	NA	NA	NA	NA	NA	NA	NA	NA	NA	NA	NA	NA	NA	NA	NA	NA	NA	NA	NA	NA	NA	NA	NA	NA	713708.75	2652588415.0	4.0	NA
2019-01-27 05:05:00	CT08	2019-01-27 05:05:54	0.0	12.0	1.0	NA	250.6932526	248.5190201	249.329216	249.5138295	433.1540298	429.7361374	433.6178589	432.169342	0.403804	0.3508783	0.0	NA	0.2515608	NA	NA	NA	50.0297556	NA	NA	NA	1.311401	-0.0450704	-0.0250886	-0.0027004	-0.0728595	NA	NA	NA	0.0914542	0.1318124	NA	NA	NA	NA	NA	NA	NA	NA	NA	NA	NA	NA	NA	NA	NA	NA	NA	NA	NA	NA	NA	NA	NA	NA	NA	NA	713715.25	2652588415.0	4.0	NA
2019-01-27 05:10:00	CT08	2019-01-27 05:09:58	0.0	12.0	1.0	NA	250.094991	248.1545919	248.6097921	248.953125	432.3603516	428.8088074	432.4244893	431.1978828	0.4000617	0.3470596	0.0	NA	0.2490404	NA	NA	NA	49.9159495	NA	NA	NA	1.6079167	-0.0445125	-0.0248437	-0.0039774	-0.0733335	NA	NA	NA	0.1720697	0.1870479	NA	NA	NA	NA	NA	NA	NA	NA	NA	NA	NA	NA	NA	NA	NA	NA	NA	NA	NA	NA	NA	NA	NA	NA	NA	NA	713720.6666667	2652588415.0	4.0	NA
2019-01-27 05:15:00	CT08	2019-01-27 05:15:16	0.0	12.0	1.0	NA	250.1020775	248.2276344	248.6275902	248.9857674	432.433075	428.8683777	432.461525	431.2543259	0.408058	0.3558344	0.0	NA	0.2546308	NA	NA	NA	49.9017963	NA	NA	NA	1.6153757	-0.044796	-0.0259839	-0.0025809	-0.0733608	NA	NA	NA	0.176101	0.1907769	NA	NA	NA	NA	NA	NA	NA	NA	NA	NA	NA	NA	NA	NA	NA	NA	NA	NA	NA	NA	NA	NA	NA	NA	NA	NA	713726.5	2652588415.0	4.0	NA
2019-01-27 05:20:00	CT08	2019-01-27 05:20:39	0.0	12.0	1.0	NA	249.8753777	247.8348083	248.4663582	248.7255147	431.8998032	428.4029541	432.1080933	430.8036168	0.40981	0.3527776	0.0	NA	0.2541959	NA	NA	NA	49.9440041	NA	NA	NA	1.619148	-0.0449985	-0.0248404	-0.0025672	-0.0724061	NA	NA	NA	0.1758068	0.1901378	NA	NA	NA	NA	NA	NA	NA	NA	NA	NA	NA	NA	NA	NA	NA	NA	NA	NA	NA	NA	NA	NA	NA	NA	NA	NA	713733.0	2652588415.0	4.0	NA
2019-01-27 05:25:00	CT08	2019-01-27 05:24:38	0.0	12.0	1.0	NA	249.740097	247.619812	248.3298645	248.5632579	431.5591024	428.0720825	431.9375102	430.5228984	0.3971393	0.3390498	0.0	NA	0.2453964	NA	NA	NA	49.911883	NA	NA	NA	1.608963	-0.0444008	-0.0237713	-0.0036966	-0.0718687	NA	NA	NA	0.1691967	0.1838327	NA	NA	NA	NA	NA	NA	NA	NA	NA	NA	NA	NA	NA	NA	NA	NA	NA	NA	NA	NA	NA	NA	NA	NA	NA	NA	713738.6666667	2652588415.0	4.0	NA
2019-01-27 05:30:00	CT08	2019-01-27 05:29:59	0.0	12.0	1.0	NA	249.6874275	247.7441177	248.4006615	248.6107356	431.551178	428.3075714	431.9563599	430.6050364	0.4001069	0.3422761	0.0	NA	0.247461	NA	NA	NA	49.9662247	NA	NA	NA	1.4570328	-0.0448694	-0.0245272	-0.0032876	-0.0726842	NA	NA	NA	0.1292741	0.1568647	NA	NA	NA	NA	NA	NA	NA	NA	NA	NA	NA	NA	NA	NA	NA	NA	NA	NA	NA	NA	NA	NA	NA	NA	NA	NA	713744.25	2652588415.0	4.0	NA
2019-01-27 05:35:00	CT08	2019-01-27 05:34:53	0.0	12.0	1.0	NA	248.0949198	245.9613953	246.7910105	246.9491085	428.7002563	425.435496	429.0455627	427.727105	0.3933149	0.3311212	0.0	NA	0.2414787	NA	NA	NA	50.0377782	NA	NA	NA	1.3951257	-0.0457764	-0.0240158	-0.0034086	-0.0732008	NA	NA	NA	0.1106921	0.143268	NA	NA	NA	NA	NA	NA	NA	NA	NA	NA	NA	NA	NA	NA	NA	NA	NA	NA	NA	NA	NA	NA	NA	NA	NA	NA	713751.0	2652588415.0	4.0	NA
2019-01-27 05:40:00	CT08	2019-01-27 05:40:12	0.0	12.0	1.0	NA	247.6883278	245.7228622	246.5337219	246.648304	428.0977554	425.0782013	428.4422836	427.2060801	0.3999137	0.341328	0.0	NA	0.2470805	NA	NA	NA	49.9616022	NA	NA	NA	1.0058942	-0.0454544	-0.0246347	-0.002214	-0.0723032	NA	NA	NA	0.0078325	0.0727315	NA	NA	NA	NA	NA	NA	NA	NA	NA	NA	NA	NA	NA	NA	NA	NA	NA	NA	NA	NA	NA	NA	NA	NA	NA	NA	713756.5	2652588415.0	4.0	NA
2019-01-27 05:45:00	CT08	2019-01-27 05:45:34	0.0	12.0	1.0	NA	248.1176567	246.0759506	246.8542557	247.0159543	428.7523651	425.5432205	429.2328186	427.8428014	0.3765435	0.2362056	0.0	NA	0.2042497	NA	NA	NA	49.9822693	NA	NA	NA	1.3738307	-0.0458967	-0.0220353	-0.0042092	-0.0721412	NA	NA	NA	0.099706	0.1308766	NA	NA	NA	NA	NA	NA	NA	NA	NA	NA	NA	NA	NA	NA	NA	NA	NA	NA	NA	NA	NA	NA	NA	NA	NA	NA	713763.0	2652588415.0	4.0	NA
2019-01-27 05:50:00	CT08	2019-01-27 05:50:54	0.0	12.0	1.0	NA	247.80653	245.7122231	246.5295219	246.6827583	428.2499695	424.9876404	428.5594177	427.2656759	0.3874672	0.2479673	0.0	NA	0.2118115	NA	NA	NA	50.0427122	NA	NA	NA	1.2335075	-0.0452479	-0.0235064	-0.0031183	-0.0718726	NA	NA	NA	0.0640373	0.106707	NA	NA	NA	NA	NA	NA	NA	NA	NA	NA	NA	NA	NA	NA	NA	NA	NA	NA	NA	NA	NA	NA	NA	NA	NA	NA	713769.5	2652588415.0	4.0	NA
2019-01-27 05:55:00	CT08	2019-01-27 05:54:54	0.0	12.0	1.0	NA	247.2753957	244.939209	246.0303853	246.0816633	427.0168966	423.8302307	427.8271383	426.2247552	0.38524	0.324034	0.0	NA	0.2364247	NA	NA	NA	49.9452667	NA	NA	NA	1.004894	-0.0465002	-0.022958	-0.0027828	-0.0722411	NA	NA	NA	0.0071621	0.0725972	NA	NA	NA	NA	NA	NA	NA	NA	NA	NA	NA	NA	NA	NA	NA	NA	NA	NA	NA	NA	NA	NA	NA	NA	NA	NA	713775.0	2652588415.0	4.0	NA
2019-01-27 06:00:00	CT08	2019-01-27 06:00:15	0.0	12.0	1.0	NA	247.6405258	245.6095695	246.4231033	246.5577329	427.9200745	424.8142014	428.413559	427.0492783	0.380971	0.3177628	0.0	NA	0.2329113	NA	NA	NA	49.9764328	NA	NA	NA	1.149142	-0.0457424	-0.0227664	-0.0026605	-0.0711693	NA	NA	NA	0.0443062	0.0958691	NA	NA	NA	NA	NA	NA	NA	NA	NA	NA	NA	NA	NA	NA	NA	NA	NA	NA	NA	NA	NA	NA	NA	NA	NA	NA	713780.5	2652588415.0	4.0	NA
2019-01-27 06:05:00	CT08	2019-01-27 06:05:36	0.0	12.0	1.0	NA	247.4124718	245.1316376	246.2027206	246.2489433	427.2580643	424.2144012	428.0721283	426.5148646	0.3689535	0.0	0.0	NA	0.1229845	NA	NA	NA	50.1330156	NA	NA	NA	1.3230645	-0.0464135	-0.0201426	-0.0057388	-0.0722949	NA	NA	NA	0.0786027	0.106795	NA	NA	NA	NA	NA	NA	NA	NA	NA	NA	NA	NA	NA	NA	NA	NA	NA	NA	NA	NA	NA	NA	NA	NA	NA	NA	713787.0	2652588415.0	4.0	NA
2019-01-27 06:10:00	CT08	2019-01-27 06:10:57	0.0	12.0	1.0	NA	246.3746719	244.2255936	245.2619171	245.2873942	425.5754013	422.6753159	426.2965698	424.8490957	0.3677044	0.0	0.0	NA	0.1225681	NA	NA	NA	50.0281849	NA	NA	NA	1.318166	-0.0462977	-0.0203829	-0.0059009	-0.0725815	NA	NA	NA	0.0778672	0.1064497	NA	NA	NA	NA	NA	NA	NA	NA	NA	NA	NA	NA	NA	NA	NA	NA	NA	NA	NA	NA	NA	NA	NA	NA	NA	NA	713793.5	2652588415.0	4.0	NA
2019-01-27 06:15:00	CT08	2019-01-27 06:15:50	0.0	12.0	1.0	NA	246.2310791	243.9755096	245.0728505	245.0931464	425.1172078	422.2162272	426.2050476	424.5128276	0.3617782	0.0	0.0	NA	0.1205927	NA	NA	NA	49.9502424	NA	NA	NA	1.3118587	-0.0457935	-0.0204872	-0.0061853	-0.072466	NA	NA	NA	0.0764085	0.1053072	NA	NA	NA	NA	NA	NA	NA	NA	NA	NA	NA	NA	NA	NA	NA	NA	NA	NA	NA	NA	NA	NA	NA	NA	NA	NA	713800.0	2652588415.0	4.0	NA
2019-01-27 06:20:00	CT08	2019-01-27 06:19:50	0.0	12.0	1.0	NA	245.6302389	243.4909617	244.6262665	244.582489	424.1927694	421.5336304	425.1589254	423.6284417	0.3634507	0.0	0.0	NA	0.1211502	NA	NA	NA	50.0328089	NA	NA	NA	1.322864	-0.0452644	-0.020324	-0.0052263	-0.0708147	NA	NA	NA	0.0769477	0.1045764	NA	NA	NA	NA	NA	NA	NA	NA	NA	NA	NA	NA	NA	NA	NA	NA	NA	NA	NA	NA	NA	NA	NA	NA	NA	NA	713804.6666667	2652588415.0	4.0	NA
2019-01-27 06:25:00	CT08	2019-01-27 06:25:15	0.0	12.0	1.0	NA	245.5811768	243.5556412	244.4621162	244.5329781	424.2846527	421.4401779	424.903183	423.5426712	0.3662289	0.0	0.0	NA	0.1220763	NA	NA	NA	50.0210438	NA	NA	NA	1.3258578	-0.0450403	-0.0213524	-0.0046663	-0.0710591	NA	NA	NA	0.0778454	0.1054044	NA	NA	NA	NA	NA	NA	NA	NA	NA	NA	NA	NA	NA	NA	NA	NA	NA	NA	NA	NA	NA	NA	NA	NA	NA	NA	713810.5	2652588415.0	4.0	NA
2019-01-27 06:30:00	CT08	2019-01-27 06:30:34	0.0	12.0	1.0	NA	245.6435471	243.4880142	244.5402145	244.5572586	424.2432785	421.4177933	425.0926666	423.5845795	0.3675679	0.0	0.0	NA	0.1225226	NA	NA	NA	50.0386944	NA	NA	NA	1.3279378	-0.0453852	-0.0207867	-0.0046668	-0.0708388	NA	NA	NA	0.0780529	0.1054069	NA	NA	NA	NA	NA	NA	NA	NA	NA	NA	NA	NA	NA	NA	NA	NA	NA	NA	NA	NA	NA	NA	NA	NA	NA	NA	713816.75	2652588415.0	4.0	NA
2019-01-27 06:35:00	CT08	2019-01-27 06:35:55	0.0	12.0	1.0	NA	245.1225128	242.8045425	244.1387177	244.0219243	423.1169281	420.511116	424.3454208	422.6578217	0.3638933	0.0	0.0	NA	0.1212978	NA	NA	NA	50.0795422	NA	NA	NA	1.3218027	-0.0455545	-0.0200045	-0.0052158	-0.0707748	NA	NA	NA	0.0766886	0.1043574	NA	NA	NA	NA	NA	NA	NA	NA	NA	NA	NA	NA	NA	NA	NA	NA	NA	NA	NA	NA	NA	NA	NA	NA	NA	NA	713823.25	2652588415.0	4.0	NA
2019-01-27 06:40:00	CT08	2019-01-27 06:39:52	0.0	12.0	1.0	NA	244.0505117	241.8851573	243.1572113	243.0309601	421.3627726	418.9670003	422.4942525	420.9413418	0.3688964	0.0	0.0	NA	0.1229655	NA	NA	NA	49.9901034	NA	NA	NA	1.3270707	-0.0453512	-0.0203911	-0.0050091	-0.0707514	NA	NA	NA	0.077772	0.1051406	NA	NA	NA	NA	NA	NA	NA	NA	NA	NA	NA	NA	NA	NA	NA	NA	NA	NA	NA	NA	NA	NA	NA	NA	NA	NA	713828.6666667	2652588415.0	4.0	NA
2019-01-27 06:45:00	CT08	2019-01-27 06:45:14	0.0	12.0	1.0	NA	244.1216354	241.8998413	243.1071625	243.0428797	421.4838867	418.8189087	422.5821838	420.9616597	0.3659068	0.0	0.0	NA	0.1219689	NA	NA	NA	49.939784	NA	NA	NA	1.3166215	-0.0455614	-0.0205241	-0.0058359	-0.0719214	NA	NA	NA	0.0768272	0.1052473	NA	NA	NA	NA	NA	NA	NA	NA	NA	NA	NA	NA	NA	NA	NA	NA	NA	NA	NA	NA	NA	NA	NA	NA	NA	NA	713834.25	2652588415.0	4.0	NA
2019-01-27 06:50:00	CT08	2019-01-27 06:50:33	0.0	12.0	1.0	NA	243.7889786	241.5873489	242.7681618	242.7148298	421.001976	418.3062439	421.8723907	420.3935369	0.3651966	0.0	0.0	NA	0.1217322	NA	NA	NA	49.9297066	NA	NA	NA	1.3127287	-0.0457595	-0.0202816	-0.0062163	-0.0722574	NA	NA	NA	0.0763708	0.1051364	NA	NA	NA	NA	NA	NA	NA	NA	NA	NA	NA	NA	NA	NA	NA	NA	NA	NA	NA	NA	NA	NA	NA	NA	NA	NA	713840.5	2652588415.0	4.0	NA
2019-01-27 06:55:00	CT08	2019-01-27 06:55:27	0.0	12.0	1.0	NA	243.5360107	241.2294261	242.502594	242.4226769	420.3956909	417.7020264	421.5643005	419.8873393	0.3632481	0.0	0.0	NA	0.1210827	NA	NA	NA	49.9594777	NA	NA	NA	1.3143343	-0.0454836	-0.0191619	-0.0068151	-0.0714606	NA	NA	NA	0.0758728	0.1042287	NA	NA	NA	NA	NA	NA	NA	NA	NA	NA	NA	NA	NA	NA	NA	NA	NA	NA	NA	NA	NA	NA	NA	NA	NA	NA	713847.0	2652588415.0	4.0	NA
2019-01-27 07:00:00	CT08	2019-01-27 07:00:54	0.0	12.0	1.0	NA	242.9761925	240.9501572	241.8737602	241.93337	419.7529984	416.981308	420.3847961	419.0397008	0.5309498	0.3699749	0.2976597	NA	0.3995281	NA	NA	NA	49.9133654	NA	NA	NA	1.3578223	-0.0738738	-0.047112	-0.0309422	-0.1519281	NA	NA	NA	0.1953858	0.2538078	NA	NA	NA	NA	NA	NA	NA	NA	NA	NA	NA	NA	NA	NA	NA	NA	NA	NA	NA	NA	NA	NA	NA	NA	NA	NA	713855.25	2652588415.0	4.0	NA
2019-01-27 07:05:00	CT08	2019-01-27 07:04:57	0.0	12.0	1.0	NA	242.7486979	240.6157633	241.6806691	241.6817101	419.2813517	416.5108846	420.0200195	418.6040853	0.3458518	0.2867608	0.2328876	NA	0.2885001	NA	NA	NA	49.9861972	NA	NA	NA	1.3401257	-0.0585557	-0.0331365	-0.0218818	-0.1135741	NA	NA	NA	0.1815308	0.2197862	NA	NA	NA	NA	NA	NA	NA	NA	NA	NA	NA	NA	NA	NA	NA	NA	NA	NA	NA	NA	NA	NA	NA	NA	NA	NA	713867.3333333	2652588415.0	4.0	NA
2019-01-27 07:10:00	CT08	2019-01-27 07:10:15	0.0	12.0	1.0	NA	242.2733536	240.1965637	241.3088989	241.2596054	418.4324188	415.8536301	419.3322525	417.8727671	1.5877259	1.6420757	1.5513599	NA	1.5937205	NA	NA	NA	50.0209532	NA	NA	NA	0.7692988	-0.0559976	-0.0373736	-0.0206464	-0.1140176	NA	NA	NA	-1.148397	1.1769352	NA	NA	NA	NA	NA	NA	NA	NA	NA	NA	NA	NA	NA	NA	NA	NA	NA	NA	NA	NA	NA	NA	NA	NA	NA	NA	713872.5	2652588415.0	4.0	NA
2019-01-27 07:15:00	CT08	2019-01-27 07:15:36	0.0	12.0	1.0	NA	241.1383629	239.0966377	240.1630974	240.1326993	416.5564804	413.9851303	417.2219238	415.9211782	5.9178576	6.1606985	5.8818334	NA	5.9867965	NA	NA	NA	49.921896	NA	NA	NA	1.8924507	0.1421951	0.124181	0.1983881	0.4647642	NA	NA	NA	-4.2663907	4.3112571	NA	NA	NA	NA	NA	NA	NA	NA	NA	NA	NA	NA	NA	NA	NA	NA	NA	NA	NA	NA	NA	NA	NA	NA	NA	NA	713881.0	2652588430.5	4.0	NA
2019-01-27 07:20:00	CT08	2019-01-27 07:19:43	0.0	12.0	1.0	NA	240.8468018	238.9010569	239.8171183	239.8549923	416.2255147	413.5391337	416.5555318	415.4400601	6.2744708	6.4486594	6.2643941	NA	6.3291748	NA	NA	NA	49.8592885	NA	NA	NA	1.592521	0.6141867	0.5996753	0.6495451	1.863407	NA	NA	NA	-4.1350846	4.5533768	NA	NA	NA	NA	NA	NA	NA	NA	NA	NA	NA	NA	NA	NA	NA	NA	NA	NA	NA	NA	NA	NA	NA	NA	NA	NA	713881.0	2652588519.6666665	4.0	NA
2019-01-27 07:25:00	CT08	2019-01-27 07:25:01	0.0	12.0	1.0	NA	241.4589806	239.1928177	240.2284584	240.2934189	416.9575882	413.9794998	417.6613541	416.1994807	8.851146	8.8742743	8.8893704	NA	8.8715969	NA	NA	NA	49.8264179	NA	NA	NA	1.2786765	1.5736979	1.5302744	1.6144841	4.7184563	NA	NA	NA	-4.1808969	6.3947126	NA	NA	NA	NA	NA	NA	NA	NA	NA	NA	NA	NA	NA	NA	NA	NA	NA	NA	NA	NA	NA	NA	NA	NA	NA	NA	713881.0	2652588779.75	4.0	NA
2019-01-27 07:30:00	CT08	2019-01-27 07:29:06	0.0	12.0	1.0	NA	241.270045	239.1928914	240.2211202	240.2280189	416.775116	414.1142171	417.3697306	416.0863546	15.5932493	15.4627844	15.5267255	NA	15.5275864	NA	NA	NA	49.8087095	NA	NA	NA	1.0890101	3.4084164	3.3631917	3.4288614	10.2004697	NA	NA	NA	-4.5902769	11.189545	NA	NA	NA	NA	NA	NA	NA	NA	NA	NA	NA	NA	NA	NA	NA	NA	NA	NA	NA	NA	NA	NA	NA	NA	NA	NA	713881.0	2652589546.6666665	4.0	NA
2019-01-27 07:35:00	CT08	2019-01-27 07:35:06	0.0	12.0	1.0	NA	241.1519394	239.1992035	240.2700272	240.2070567	416.61409	414.2450562	417.2902222	416.0497894	23.9943008	23.8156643	23.9518223	NA	23.9205958	NA	NA	NA	49.8517647	NA	NA	NA	1.0307635	5.5960953	5.5176599	5.6012557	16.7150111	NA	NA	NA	-4.1882229	17.236979	NA	NA	NA	NA	NA	NA	NA	NA	NA	NA	NA	NA	NA	NA	NA	NA	NA	NA	NA	NA	NA	NA	NA	NA	NA	NA	713881.0	2652590710.0	4.0	NA
2019-01-27 07:40:00	CT08	2019-01-27 07:37:48	0.0	12.0	1.0	NA	241.2027588	239.1809921	240.0868149	240.1568553	416.7405853	413.975769	417.1723938	415.9629161	29.5569687	29.5637856	29.6882763	NA	29.6030102	NA	NA	NA	49.8510551	NA	NA	NA	1.0179615	7.0004392	6.9330001	7.012073	20.9455128	NA	NA	NA	-4.0162883	21.3274899	NA	NA	NA	NA	NA	NA	NA	NA	NA	NA	NA	NA	NA	NA	NA	NA	NA	NA	NA	NA	NA	NA	NA	NA	NA	NA	713881.0	2652591676.0	4.0	NA
2019-01-27 07:45:00	CT08	2019-01-27 07:45:47	0.0	12.0	1.0	NA	242.0087318	239.7350044	240.7993774	240.8477046	417.816391	414.9699097	418.6918793	417.1593933	43.7420788	43.6627922	43.8587532	NA	43.7545414	NA	NA	NA	49.9246416	NA	NA	NA	1.0102887	10.4750924	10.3501203	10.4639053	31.2891178	NA	NA	NA	-4.4945713	31.6111813	NA	NA	NA	NA	NA	NA	NA	NA	NA	NA	NA	NA	NA	NA	NA	NA	NA	NA	NA	NA	NA	NA	NA	NA	NA	NA	713881.0	2652594639.0	4.0	NA
2019-01-27 07:50:00	CT08	2019-01-27 07:49:47	0.0	12.0	1.0	NA	241.4909159	239.191157	240.2341156	240.3053962	416.9383647	414.0340373	417.6887105	416.2203708	56.0917778	55.7077993	55.9868457	NA	55.9288076	NA	NA	NA	49.8113162	NA	NA	NA	1.0062117	13.4615574	13.2361075	13.3722092	40.0698738	NA	NA	NA	-4.4718844	40.3191655	NA	NA	NA	NA	NA	NA	NA	NA	NA	NA	NA	NA	NA	NA	NA	NA	NA	NA	NA	NA	NA	NA	NA	NA	NA	NA	713881.0	2652597424.6666665	4.0	NA
2019-01-27 07:55:00	CT08	2019-01-27 07:55:07	0.0	12.0	1.0	NA	241.6418266	239.3458519	240.3542976	240.4473254	417.2265472	414.3003464	417.8720932	416.4663289	68.6621857	68.2805433	68.5390263	NA	68.4939184	NA	NA	NA	49.8309031	NA	NA	NA	1.0041995	16.5239048	16.268244	16.4125812	49.2047291	NA	NA	NA	-4.4997617	49.4108152	NA	NA	NA	NA	NA	NA	NA	NA	NA	NA	NA	NA	NA	NA	NA	NA	NA	NA	NA	NA	NA	NA	NA	NA	NA	NA	713881.0	2652600928.5	4.0	NA
2019-01-27 08:00:00	CT08	2019-01-27 08:00:25	0.0	12.0	1.0	NA	242.2696762	239.8476868	240.8104744	240.9759458	418.1671219	415.00457	418.9739914	417.3818944	85.4496784	85.2277145	85.4231339	NA	85.3668423	NA	NA	NA	49.8723402	NA	NA	NA	1.003379	20.6325431	20.3636751	20.5108066	61.5070267	NA	NA	NA	-5.0555373	61.7146921	NA	NA	NA	NA	NA	NA	NA	NA	NA	NA	NA	NA	NA	NA	NA	NA	NA	NA	NA	NA	NA	NA	NA	NA	NA	NA	713881.0	2652605829.0	4.0	NA
2019-01-27 08:05:00	CT08	2019-01-27 08:05:49	0.0	12.0	1.0	NA	242.125515	239.834404	240.8171463	240.9256884	418.0256271	415.1594086	418.7004013	417.2951457	106.6660824	106.0791302	106.3145962	NA	106.3532696	NA	NA	NA	49.8134403	NA	NA	NA	1.0020242	25.7742143	25.3845439	25.5578356	76.7165966	NA	NA	NA	-4.8857504	76.8721218	NA	NA	NA	NA	NA	NA	NA	NA	NA	NA	NA	NA	NA	NA	NA	NA	NA	NA	NA	NA	NA	NA	NA	NA	NA	NA	713881.0	2652611996.75	4.0	NA
2019-01-27 08:10:00	CT08	2019-01-27 08:09:47	0.0	12.0	1.0	NA	242.567632	240.0221456	241.2678375	241.2858717	418.3906759	415.6531067	419.7135824	417.9191216	126.0021489	125.5900803	125.7106222	NA	125.7676171	NA	NA	NA	49.7981389	NA	NA	NA	1.0015253	30.5161845	30.090512	30.2937387	90.9004339	NA	NA	NA	-5.0218658	91.0392049	NA	NA	NA	NA	NA	NA	NA	NA	NA	NA	NA	NA	NA	NA	NA	NA	NA	NA	NA	NA	NA	NA	NA	NA	NA	NA	713881.0	2652618523.3333335	4.0	NA
2019-01-27 08:15:00	CT08	2019-01-27 08:11:09	0.0	12.0	1.0	NA	242.5549927	239.4853516	241.2680664	241.1028035	417.723175	415.0263977	420.0575256	417.6023661	137.4106293	137.0941315	137.1657867	NA	137.2235158	NA	NA	NA	49.8417206	NA	NA	NA	1.001547	33.2737846	32.7723999	33.0544167	99.1006012	NA	NA	NA	-5.5190763	99.2541656	NA	NA	NA	NA	NA	NA	NA	NA	NA	NA	NA	NA	NA	NA	NA	NA	NA	NA	NA	NA	NA	NA	NA	NA	NA	NA	713881.0	2652625027.3333335	4.0	NA
2019-01-27 08:20:00	CT08	2019-01-27 08:16:21	0.0	12.0	1.0	NA	242.2554321	239.6856842	240.7513885	240.8975016	418.0427856	414.9576721	418.7381592	417.2462056	160.859436	159.6153564	159.826355	NA	160.1003825	NA	NA	NA	49.7795029	NA	NA	NA	1.000921	38.9334221	38.2197838	38.4451714	115.5983734	NA	NA	NA	-4.9643154	115.7049179	NA	NA	NA	NA	NA	NA	NA	NA	NA	NA	NA	NA	NA	NA	NA	NA	NA	NA	NA	NA	NA	NA	NA	NA	NA	NA	713881.0	2652632816.0	4.0	NA
2019-01-27 08:25:00	CT08	2019-01-27 08:25:29	0.0	12.0	1.0	NA	241.6633797	238.9686089	240.1708298	240.2676061	416.7171555	413.8200378	417.9306564	416.1559499	186.6905251	186.3878899	186.4892464	NA	186.5225538	NA	NA	NA	49.7019739	NA	NA	NA	1.0011938	45.0576591	44.4745531	44.744791	134.2770081	NA	NA	NA	-6.5538301	134.4369736	NA	NA	NA	NA	NA	NA	NA	NA	NA	NA	NA	NA	NA	NA	NA	NA	NA	NA	NA	NA	NA	NA	NA	NA	NA	NA	713881.0	2652647309.5	4.0	NA
2019-01-27 08:30:00	CT08	2019-01-27 08:30:44	0.0	12.0	1.0	NA	241.7886086	239.0687981	240.2809258	240.3794441	416.8676834	414.0139236	418.1673737	416.3496602	217.8530312	217.06427	217.1800766	NA	217.3657926	NA	NA	NA	49.8027601	NA	NA	NA	1.000936	52.6271038	51.8466215	52.1511393	156.6248703	NA	NA	NA	-6.7204765	156.7702065	NA	NA	NA	NA	NA	NA	NA	NA	NA	NA	NA	NA	NA	NA	NA	NA	NA	NA	NA	NA	NA	NA	NA	NA	NA	NA	713881.0	2652660773.5	4.0	NA
2019-01-27 08:35:00	CT08	2019-01-27 08:34:48	0.0	12.0	1.0	NA	242.2224731	239.4214274	240.7225037	240.7888014	417.3915812	414.6663005	419.1178487	417.0585768	245.3033091	244.3027089	244.3454946	NA	244.6505042	NA	NA	NA	49.9036903	NA	NA	NA	1.000879	59.3565877	58.4336878	58.778876	176.5691528	NA	NA	NA	-7.4094682	176.7245585	NA	NA	NA	NA	NA	NA	NA	NA	NA	NA	NA	NA	NA	NA	NA	NA	NA	NA	NA	NA	NA	NA	NA	NA	NA	NA	713881.0	2652673941.3333335	4.0	NA
2019-01-27 08:40:00	CT08	2019-01-27 08:40:06	0.0	12.0	1.0	NA	241.7385712	239.0409546	240.1240501	240.301192	416.7726135	413.8935699	417.9759369	416.2140401	268.4018021	267.0915375	267.0970001	NA	267.5301132	NA	NA	NA	49.9104738	NA	NA	NA	1.0006882	64.8331003	63.7969208	64.1002731	192.7302933	NA	NA	NA	-7.1297976	192.862854	NA	NA	NA	NA	NA	NA	NA	NA	NA	NA	NA	NA	NA	NA	NA	NA	NA	NA	NA	NA	NA	NA	NA	NA	NA	NA	713881.0	2652688400.75	4.0	NA
2019-01-27 08:45:00	CT08	2019-01-27 08:45:26	0.0	12.0	1.0	NA	242.0824814	239.4558105	240.3921127	240.6434682	417.4726944	414.5456467	418.4019775	416.8067729	293.1047287	291.654335	291.6355133	NA	292.1315257	NA	NA	NA	49.8809748	NA	NA	NA	1.0006522	70.9106827	69.7916126	70.0732288	210.7755318	NA	NA	NA	-7.6003458	210.9128342	NA	NA	NA	NA	NA	NA	NA	NA	NA	NA	NA	NA	NA	NA	NA	NA	NA	NA	NA	NA	NA	NA	NA	NA	NA	NA	713881.0	2652706381.25	4.0	NA
2019-01-27 08:50:00	CT08	2019-01-27 08:50:52	0.0	12.0	1.0	NA	243.1825256	240.4368439	241.356781	241.6587168	419.2417526	416.1588745	420.2958374	418.5654882	317.963623	316.785881	316.7733002	NA	317.1742681	NA	NA	NA	49.8902483	NA	NA	NA	1.0006925	77.2661362	76.1044903	76.4134598	229.7840881	NA	NA	NA	-8.5560529	229.9436722	NA	NA	NA	NA	NA	NA	NA	NA	NA	NA	NA	NA	NA	NA	NA	NA	NA	NA	NA	NA	NA	NA	NA	NA	NA	NA	713881.0	2652726030.0	4.0	NA
2019-01-27 08:55:00	CT08	2019-01-27 08:54:51	0.0	12.0	1.0	NA	242.5480906	239.6444041	240.9169108	241.0364685	417.8960266	415.1911621	419.3768209	417.4880032	340.5587158	339.505127	339.363739	NA	339.8091939	NA	NA	NA	50.032252	NA	NA	NA	1.00073	82.5377808	81.2904332	81.7101822	245.5383911	NA	NA	NA	-9.381813	245.7177684	NA	NA	NA	NA	NA	NA	NA	NA	NA	NA	NA	NA	NA	NA	NA	NA	NA	NA	NA	NA	NA	NA	NA	NA	NA	NA	713881.0	2652744559.0	4.0	NA
2019-01-27 09:00:00	CT08	2019-01-27 08:59:43	0.0	12.0	1.0	NA	242.9971568	240.2463328	241.3878174	241.543769	418.7579651	416.140035	420.2009176	418.3663059	361.3172302	360.5285848	360.3753052	NA	360.7403734	NA	NA	NA	50.0860519	NA	NA	NA	1.0006663	87.7362391	86.5461222	86.9455872	261.2279561	NA	NA	NA	-9.5371602	261.4022522	NA	NA	NA	NA	NA	NA	NA	NA	NA	NA	NA	NA	NA	NA	NA	NA	NA	NA	NA	NA	NA	NA	NA	NA	NA	NA	713881.0	2652765194.6666665	4.0	NA
2019-01-27 09:05:00	CT08	2019-01-27 09:05:01	0.0	12.0	1.0	NA	243.2853775	240.5547714	241.3357887	241.7253126	419.4317398	416.33004	420.2810287	418.6809362	383.5534668	381.4339905	381.2595291	NA	382.0823288	NA	NA	NA	50.0077553	NA	NA	NA	1.0004593	93.2682705	91.7086811	91.9719982	276.9489441	NA	NA	NA	-8.3766525	277.0760345	NA	NA	NA	NA	NA	NA	NA	NA	NA	NA	NA	NA	NA	NA	NA	NA	NA	NA	NA	NA	NA	NA	NA	NA	NA	NA	713881.0	2652786227.25	4.0	NA
2019-01-27 09:10:00	CT08	2019-01-27 09:10:20	0.0	12.0	1.0	NA	242.2206421	239.4268417	240.3855934	240.6776924	417.3640747	414.6138077	418.6213379	416.8664068	414.3431854	412.5894699	412.3690796	NA	413.1005783	NA	NA	NA	49.9193478	NA	NA	NA	1.0005618	100.3023186	98.7196465	99.0772247	298.0991974	NA	NA	NA	-9.9905803	298.2671432	NA	NA	NA	NA	NA	NA	NA	NA	NA	NA	NA	NA	NA	NA	NA	NA	NA	NA	NA	NA	NA	NA	NA	NA	NA	NA	713881.0	2652811983.5	4.0	NA
2019-01-27 09:15:00	CT08	2019-01-27 09:15:48	0.0	12.0	1.0	NA	241.6304893	238.5613708	239.6997948	239.963885	416.147789	413.2725906	417.4714203	415.6306	440.5670242	438.9905319	438.6952972	NA	439.4176178	NA	NA	NA	49.8950806	NA	NA	NA	1.0005985	106.3866405	104.6521397	105.1024342	316.1412201	NA	NA	NA	-10.9163198	316.3303528	NA	NA	NA	NA	NA	NA	NA	NA	NA	NA	NA	NA	NA	NA	NA	NA	NA	NA	NA	NA	NA	NA	NA	NA	NA	NA	713881.0	2652839337.25	4.0	NA
2019-01-27 09:20:00	CT08	2019-01-27 09:19:43	0.0	12.0	1.0	NA	241.4158732	238.5366516	239.3492381	239.7672543	416.0572306	413.0112203	416.802002	415.290151	463.5207214	462.2344869	461.9305522	NA	462.5619202	NA	NA	NA	49.8771973	NA	NA	NA	1.000596	111.8344447	110.1813049	110.5076192	332.5233765	NA	NA	NA	-11.4685914	332.7220764	NA	NA	NA	NA	NA	NA	NA	NA	NA	NA	NA	NA	NA	NA	NA	NA	NA	NA	NA	NA	NA	NA	NA	NA	NA	NA	713881.0	2652864596.6666665	4.0	NA
2019-01-27 09:25:00	CT08	2019-01-27 09:25:11	0.0	12.0	1.0	NA	241.693821	238.6111603	239.6406136	239.9818649	416.1915512	413.243042	417.5504913	415.6616948	484.0390015	483.0688858	482.7471924	NA	483.2850266	NA	NA	NA	49.9147377	NA	NA	NA	1.000649	116.9094429	115.1761036	115.6293259	347.7148666	NA	NA	NA	-12.5094147	347.9406815	NA	NA	NA	NA	NA	NA	NA	NA	NA	NA	NA	NA	NA	NA	NA	NA	NA	NA	NA	NA	NA	NA	NA	NA	NA	NA	713881.0	2652891192.75	4.0	NA
2019-01-27 09:30:00	CT08	2019-01-27 09:30:40	0.0	12.0	1.0	NA	242.2088699	239.1379738	239.9254723	240.4241053	417.1350555	413.8843842	418.264061	416.4278336	506.1996765	504.4914169	504.0872879	NA	504.9261271	NA	NA	NA	49.9835119	NA	NA	NA	1.0005	122.5397415	120.5680676	120.8944359	364.0022507	NA	NA	NA	-11.4949162	364.1841812	NA	NA	NA	NA	NA	NA	NA	NA	NA	NA	NA	NA	NA	NA	NA	NA	NA	NA	NA	NA	NA	NA	NA	NA	NA	NA	713881.0	2652922954.5	4.0	NA
2019-01-27 09:35:00	CT08	2019-01-27 09:35:45	0.0	12.0	1.0	NA	242.5153275	239.4143219	240.0744476	240.6680323	417.6224594	414.2722549	418.6567001	416.8504715	533.693512	531.3481903	530.8604126	NA	531.9673716	NA	NA	NA	49.9769726	NA	NA	NA	1.0004798	129.3646889	127.1406536	127.3956089	383.9009552	NA	NA	NA	-11.8931179	384.0853653	NA	NA	NA	NA	NA	NA	NA	NA	NA	NA	NA	NA	NA	NA	NA	NA	NA	NA	NA	NA	NA	NA	NA	NA	NA	NA	713881.0	2652956369.75	4.0	NA
2019-01-27 09:40:00	CT08	2019-01-27 09:40:41	0.0	12.0	1.0	NA	242.2330424	238.9828796	240.0002289	240.4053836	416.8889262	413.9182638	418.3791097	416.3954332	560.0900065	558.4393107	558.019104	NA	558.8494737	NA	NA	NA	49.9163259	NA	NA	NA	1.0005364	135.5928853	133.3721771	133.86881	402.8338725	NA	NA	NA	-13.1863712	403.0501811	NA	NA	NA	NA	NA	NA	NA	NA	NA	NA	NA	NA	NA	NA	NA	NA	NA	NA	NA	NA	NA	NA	NA	NA	NA	NA	713881.0	2652992705.0	4.0	NA
2019-01-27 09:45:00	CT08	2019-01-27 09:44:43	0.0	12.0	1.0	NA	242.0520579	238.9152883	239.8571218	240.2748227	416.7357279	413.8574219	417.9156291	416.169593	580.6404419	579.0775146	578.5812378	NA	579.4330648	NA	NA	NA	49.8786799	NA	NA	NA	1.000542	140.4645996	138.2640686	138.717514	417.446167	NA	NA	NA	-13.7429552	417.6724345	NA	NA	NA	NA	NA	NA	NA	NA	NA	NA	NA	NA	NA	NA	NA	NA	NA	NA	NA	NA	NA	NA	NA	NA	NA	NA	713881.0	2653020078.6666665	4.0	NA
2019-01-27 09:50:00	CT08	2019-01-27 09:50:08	0.0	12.0	1.0	NA	242.4018974	239.1807289	239.9830894	240.5219053	417.2630463	414.1067657	418.4230347	416.5976156	603.7354279	602.166275	601.6371155	NA	602.5129395	NA	NA	NA	49.8967762	NA	NA	NA	1.0005565	146.2594643	143.9300499	144.3189163	434.5084305	NA	NA	NA	-14.4921093	434.7505646	NA	NA	NA	NA	NA	NA	NA	NA	NA	NA	NA	NA	NA	NA	NA	NA	NA	NA	NA	NA	NA	NA	NA	NA	NA	NA	713881.0	2653053360.5	4.0	NA
2019-01-27 09:55:00	CT08	2019-01-27 09:55:21	0.0	12.0	1.0	NA	242.2650795	238.833046	239.8251114	240.3077456	416.6925507	413.6317291	418.3562775	416.2268524	627.2672729	624.9800262	624.4064484	NA	625.5512492	NA	NA	NA	49.9500217	NA	NA	NA	1.0005282	151.8770332	149.1737785	149.683075	450.7338791	NA	NA	NA	-14.655329	450.9721222	NA	NA	NA	NA	NA	NA	NA	NA	NA	NA	NA	NA	NA	NA	NA	NA	NA	NA	NA	NA	NA	NA	NA	NA	NA	NA	713881.0	2653092875.25	4.0	NA
2019-01-27 10:00:00	CT08	2019-01-27 10:00:47	0.0	12.0	1.0	NA	242.6246147	239.3290977	240.1688271	240.7075132	417.5211258	414.4545135	418.7817383	416.9191259	646.4295959	644.3311005	643.8240662	NA	644.8615875	NA	NA	NA	50.048789	NA	NA	NA	1.0005387	156.7541351	154.1131058	154.5589561	465.4262009	NA	NA	NA	-15.2427883	465.6769257	NA	NA	NA	NA	NA	NA	NA	NA	NA	NA	NA	NA	NA	NA	NA	NA	NA	NA	NA	NA	NA	NA	NA	NA	NA	NA	713881.0	2653133748.0	4.0	NA
2019-01-27 10:05:00	CT08	2019-01-27 10:04:44	0.0	12.0	1.0	NA	243.6830902	240.3126831	240.981252	241.6590084	419.2391866	415.8824768	420.5800476	418.567237	665.395752	661.7935181	660.9683838	NA	662.7192179	NA	NA	NA	50.0018183	NA	NA	NA	1.0003927	162.083313	158.9707896	159.2262828	480.2803955	NA	NA	NA	-13.3479217	480.4685059	NA	NA	NA	NA	NA	NA	NA	NA	NA	NA	NA	NA	NA	NA	NA	NA	NA	NA	NA	NA	NA	NA	NA	NA	NA	NA	713881.0	2653170621.0	4.0	NA
2019-01-27 10:10:00	CT08	2019-01-27 10:10:03	0.0	12.0	1.0	NA	243.8012199	240.3427811	240.9920731	241.7120247	419.3884735	415.9093094	420.679985	418.659256	683.2091522	680.0653992	679.2879791	NA	680.8541768	NA	NA	NA	49.9580545	NA	NA	NA	1.0003905	166.5002823	163.3766899	163.646553	493.5235291	NA	NA	NA	-13.6860523	493.7163162	NA	NA	NA	NA	NA	NA	NA	NA	NA	NA	NA	NA	NA	NA	NA	NA	NA	NA	NA	NA	NA	NA	NA	NA	NA	NA	713881.0	2653208644.25	4.0	NA
2019-01-27 10:15:00	CT08	2019-01-27 10:15:23	0.0	12.0	1.0	NA	243.4755554	239.9528084	240.7679863	241.3987834	418.7244644	415.4668884	420.1588058	418.1167196	700.472702	697.6817474	696.9702606	NA	698.3749034	NA	NA	NA	50.0318012	NA	NA	NA	1.0004162	170.4735298	167.330574	167.7483749	505.5524826	NA	NA	NA	-14.4712975	505.7628708	NA	NA	NA	NA	NA	NA	NA	NA	NA	NA	NA	NA	NA	NA	NA	NA	NA	NA	NA	NA	NA	NA	NA	NA	NA	NA	713881.0	2653253175.25	4.0	NA
2019-01-27 10:20:00	CT08	2019-01-27 10:20:15	0.0	12.0	1.0	NA	243.3787537	239.9681753	240.5501607	241.2990299	418.717865	415.3140869	419.8002523	417.9440681	721.9184774	718.9524333	718.2660116	NA	719.7123074	NA	NA	NA	50.02307	NA	NA	NA	1.0003703	175.6323598	172.4589132	172.722285	520.8135783	NA	NA	NA	-14.1789904	521.0066121	NA	NA	NA	NA	NA	NA	NA	NA	NA	NA	NA	NA	NA	NA	NA	NA	NA	NA	NA	NA	NA	NA	NA	NA	NA	NA	713881.0	2653297949.3333335	4.0	NA
2019-01-27 10:25:00	CT08	2019-01-27 10:25:43	0.0	12.0	1.0	NA	243.0373383	239.3394737	240.2630043	240.8799388	417.7815628	414.5085144	419.3646164	417.2182312	746.5619354	744.1881561	743.397049	NA	744.7157135	NA	NA	NA	50.0429382	NA	NA	NA	1.0004873	181.3482819	178.0156555	178.5398712	537.9037933	NA	NA	NA	-16.7538114	538.166214	NA	NA	NA	NA	NA	NA	NA	NA	NA	NA	NA	NA	NA	NA	NA	NA	NA	NA	NA	NA	NA	NA	NA	NA	NA	NA	713881.0	2653341906.25	4.0	NA
2019-01-27 10:30:00	CT08	2019-01-27 10:29:41	0.0	12.0	1.0	NA	243.1970113	239.566981	240.294576	241.0195228	418.1071981	414.6991679	419.5735677	417.4599779	759.6233521	757.277832	756.4912109	NA	757.797465	NA	NA	NA	50.007651	NA	NA	NA	1.000483	184.6417542	181.3199514	181.7089844	547.670695	NA	NA	NA	-16.9659532	547.9351807	NA	NA	NA	NA	NA	NA	NA	NA	NA	NA	NA	NA	NA	NA	NA	NA	NA	NA	NA	NA	NA	NA	NA	NA	NA	NA	713881.0	2653384331.6666665	4.0	NA
2019-01-27 10:35:00	CT08	2019-01-27 10:35:15	0.0	12.0	1.0	NA	243.4306717	239.7403603	240.3601913	241.1770744	418.4577179	414.8344879	419.9068604	417.7330221	777.3145752	773.8423462	772.8256378	NA	774.6608531	NA	NA	NA	49.9945755	NA	NA	NA	1.0003442	189.1551285	185.4494209	185.7014236	560.3059692	NA	NA	NA	-14.6044748	560.4987183	NA	NA	NA	NA	NA	NA	NA	NA	NA	NA	NA	NA	NA	NA	NA	NA	NA	NA	NA	NA	NA	NA	NA	NA	NA	NA	713881.0	2653427453.0	4.0	NA
2019-01-27 10:40:00	CT08	2019-01-27 10:40:32	0.0	12.0	1.0	NA	243.1773491	239.4983902	240.0512924	240.9090106	418.08815	414.3926468	419.3261719	417.2689896	793.5061798	789.6179962	788.5361633	NA	790.5534465	NA	NA	NA	50.0464697	NA	NA	NA	1.0003367	192.8949509	189.0412788	189.2341194	571.1703339	NA	NA	NA	-14.7982783	571.3632507	NA	NA	NA	NA	NA	NA	NA	NA	NA	NA	NA	NA	NA	NA	NA	NA	NA	NA	NA	NA	NA	NA	NA	NA	NA	NA	713881.0	2653478087.25	4.0	NA
2019-01-27 10:45:00	CT08	2019-01-27 10:45:43	0.0	12.0	1.0	NA	243.0270131	239.5052134	239.9291738	240.8204668	417.9610901	414.3754883	419.0090332	417.1152039	808.3324992	806.7172038	805.975708	NA	807.0084703	NA	NA	NA	50.0365868	NA	NA	NA	1.00048	196.3431905	193.1050669	193.3057505	582.754008	NA	NA	NA	-18.0304572	583.034078	NA	NA	NA	NA	NA	NA	NA	NA	NA	NA	NA	NA	NA	NA	NA	NA	NA	NA	NA	NA	NA	NA	NA	NA	NA	NA	713881.0	2653531994.0	4.0	NA
2019-01-27 10:50:00	CT08	2019-01-27 10:49:42	0.0	12.0	1.0	NA	243.1813711	239.8083903	240.0506541	241.0134718	418.3545532	414.7657878	419.2282206	417.4495205	819.7336426	815.9398193	814.8217367	NA	816.8317329	NA	NA	NA	50.0107562	NA	NA	NA	1.000331	199.2761078	195.5985667	195.5420278	590.4167074	NA	NA	NA	-15.1927293	590.6123454	NA	NA	NA	NA	NA	NA	NA	NA	NA	NA	NA	NA	NA	NA	NA	NA	NA	NA	NA	NA	NA	NA	NA	NA	NA	NA	713881.0	2653575450.0	4.0	NA
2019-01-27 10:55:00	CT08	2019-01-27 10:55:04	0.0	12.0	1.0	NA	243.0546951	239.4240875	239.8228226	240.7672017	417.8696136	414.2268906	418.9731293	417.0232112	841.563446	839.546463	838.5946503	NA	839.9015198	NA	NA	NA	50.026268	NA	NA	NA	1.0005027	204.4345551	200.8901329	201.0372391	606.3619232	NA	NA	NA	-19.1263781	606.6667023	NA	NA	NA	NA	NA	NA	NA	NA	NA	NA	NA	NA	NA	NA	NA	NA	NA	NA	NA	NA	NA	NA	NA	NA	NA	NA	713881.0	2653622322.25	4.0	NA
2019-01-27 11:00:00	CT08	2019-01-27 10:59:55	0.0	12.0	1.0	NA	243.1576742	239.5755666	239.9345245	240.8892551	418.0829366	414.4766541	419.1443888	417.2346598	851.4173584	848.5716756	847.4313965	NA	849.1401435	NA	NA	NA	50.0774892	NA	NA	NA	1.000385	206.9468638	203.2074178	203.263148	613.4174398	NA	NA	NA	-17.0016556	613.6539103	NA	NA	NA	NA	NA	NA	NA	NA	NA	NA	NA	NA	NA	NA	NA	NA	NA	NA	NA	NA	NA	NA	NA	NA	NA	NA	713881.0	2653672931.6666665	4.0	NA
2019-01-27 11:05:00	CT08	2019-01-27 11:05:18	0.0	12.0	1.0	NA	243.3829002	239.8757858	240.1928749	241.1505203	418.5473938	415.0156708	419.497879	417.6869812	858.7319946	855.7881012	854.7035522	NA	856.4078827	NA	NA	NA	49.9860544	NA	NA	NA	1.0003695	208.9181786	205.1966248	205.2318382	619.3466339	NA	NA	NA	-16.7758131	619.5755463	NA	NA	NA	NA	NA	NA	NA	NA	NA	NA	NA	NA	NA	NA	NA	NA	NA	NA	NA	NA	NA	NA	NA	NA	NA	NA	713881.0	2653726937.75	4.0	NA
2019-01-27 11:10:00	CT08	2019-01-27 11:10:42	0.0	12.0	1.0	NA	243.0099792	239.3580017	239.6801338	240.6827049	417.7913284	414.0513153	418.7881546	416.8769328	875.2775269	872.2668457	871.088623	NA	872.8776652	NA	NA	NA	49.8897047	NA	NA	NA	1.0003678	212.615696	208.6976166	208.7151184	630.0284271	NA	NA	NA	-17.0290651	630.2604523	NA	NA	NA	NA	NA	NA	NA	NA	NA	NA	NA	NA	NA	NA	NA	NA	NA	NA	NA	NA	NA	NA	NA	NA	NA	NA	713881.0	2653782591.25	4.0	NA
2019-01-27 11:15:00	CT08	2019-01-27 11:15:55	0.0	12.0	1.0	NA	243.1118393	239.3610954	239.6870384	240.719991	417.8707809	414.089592	418.8651962	416.9418564	891.4822693	889.1611176	887.9485779	NA	889.5306549	NA	NA	NA	49.9965181	NA	NA	NA	1.000397	216.6374779	212.7340355	212.7646065	642.1361084	NA	NA	NA	-18.0988588	642.3913116	NA	NA	NA	NA	NA	NA	NA	NA	NA	NA	NA	NA	NA	NA	NA	NA	NA	NA	NA	NA	NA	NA	NA	NA	NA	NA	713881.0	2653839220.0	4.0	NA
2019-01-27 11:20:00	CT08	2019-01-27 11:18:36	0.0	12.0	1.0	NA	243.4348984	239.6769562	240.1084671	241.0734406	418.3991394	414.7765198	419.4863434	417.5540009	897.5551453	894.7046814	893.5015869	NA	895.2538045	NA	NA	NA	50.0139637	NA	NA	NA	1.0003495	218.41465	214.3561707	214.475853	647.2466736	NA	NA	NA	-17.1006079	647.473053	NA	NA	NA	NA	NA	NA	NA	NA	NA	NA	NA	NA	NA	NA	NA	NA	NA	NA	NA	NA	NA	NA	NA	NA	NA	NA	713881.0	2653882301.0	4.0	NA
2019-01-27 11:25:00	CT08	2019-01-27 11:24:44	0.0	12.0	1.0	NA	243.4705276	239.6461945	240.0099869	241.0422363	418.4350586	414.5868378	419.4794464	417.5004476	914.0498657	911.1889954	909.8662109	NA	911.7016907	NA	NA	NA	50.0254841	NA	NA	NA	1.0004485	222.4379349	218.2527695	218.2952652	658.9859619	NA	NA	NA	-19.7517939	659.2819214	NA	NA	NA	NA	NA	NA	NA	NA	NA	NA	NA	NA	NA	NA	NA	NA	NA	NA	NA	NA	NA	NA	NA	NA	NA	NA	713881.0	2653949258.0	4.0	NA
2019-01-27 11:30:00	CT08	2019-01-27 11:30:06	0.0	12.0	1.0	NA	244.0217133	240.0530319	240.5833435	241.5526962	419.136116	415.3951721	420.6209869	418.3840917	911.9754486	908.6806641	907.3447266	NA	909.3336131	NA	NA	NA	50.0523357	NA	NA	NA	1.000395	222.4444809	218.0355377	218.2229271	658.7029419	NA	NA	NA	-18.4936075	658.9631653	NA	NA	NA	NA	NA	NA	NA	NA	NA	NA	NA	NA	NA	NA	NA	NA	NA	NA	NA	NA	NA	NA	NA	NA	NA	NA	713881.0	2653993360.5	4.0	NA
2019-01-27 11:35:00	CT08	2019-01-27 11:35:29	0.0	12.0	1.0	NA	243.6770592	240.0681915	240.2169075	241.3207194	418.9276733	415.190239	419.8281021	417.9820048	922.1357117	918.8243713	917.5589752	NA	919.5063527	NA	NA	NA	49.9991703	NA	NA	NA	1.0003828	224.612545	220.487587	220.3432388	665.4433594	NA	NA	NA	-18.3523965	665.6980438	NA	NA	NA	NA	NA	NA	NA	NA	NA	NA	NA	NA	NA	NA	NA	NA	NA	NA	NA	NA	NA	NA	NA	NA	NA	NA	713881.0	2654052254.0	4.0	NA
2019-01-27 11:40:00	CT08	2019-01-27 11:39:29	0.0	12.0	1.0	NA	243.4988352	239.5256195	240.0106252	241.0116933	418.2390137	414.4539286	419.6480815	417.4470079	933.1253052	929.6251831	928.4387817	NA	930.3964233	NA	NA	NA	49.9377441	NA	NA	NA	1.0003819	227.1195068	222.5774129	222.762207	672.4591268	NA	NA	NA	-18.5948048	672.7162272	NA	NA	NA	NA	NA	NA	NA	NA	NA	NA	NA	NA	NA	NA	NA	NA	NA	NA	NA	NA	NA	NA	NA	NA	NA	NA	713881.0	2654104365.6666665	4.0	NA
2019-01-27 11:45:00	CT08	2019-01-27 11:44:59	0.0	12.0	1.0	NA	243.7540321	239.9579201	240.2620735	241.3246752	418.9192886	415.1501007	419.8985367	417.9893087	939.347641	936.5704651	935.3596191	NA	937.0925751	NA	NA	NA	49.9115505	NA	NA	NA	1.0003917	228.8747253	224.6409111	224.6568336	678.1724701	NA	NA	NA	-18.7927616	678.4382782	NA	NA	NA	NA	NA	NA	NA	NA	NA	NA	NA	NA	NA	NA	NA	NA	NA	NA	NA	NA	NA	NA	NA	NA	NA	NA	713881.0	2654157138.75	4.0	NA
2019-01-27 11:50:00	CT08	2019-01-27 11:50:24	0.0	12.0	1.0	NA	243.7781372	239.8318583	240.1552734	241.2550897	418.845988	414.9148661	419.8453979	417.8687507	946.0738118	943.6361694	942.4336548	NA	944.0478787	NA	NA	NA	49.8706614	NA	NA	NA	1.0004477	230.5212301	226.2025604	226.246343	682.9701335	NA	NA	NA	-20.3921337	683.2760824	NA	NA	NA	NA	NA	NA	NA	NA	NA	NA	NA	NA	NA	NA	NA	NA	NA	NA	NA	NA	NA	NA	NA	NA	NA	NA	713881.0	2654225568.6666665	4.0	NA
2019-01-27 11:55:00	CT08	2019-01-27 11:55:34	0.0	12.0	1.0	NA	243.6253929	239.7249374	239.8942108	241.0815137	418.7477798	414.6036682	419.3544159	417.5686213	941.247818	939.8944244	938.8466797	NA	939.9963074	NA	NA	NA	49.87778	NA	NA	NA	1.0004823	229.1941605	225.1915474	225.135807	679.5215302	NA	NA	NA	-21.0722289	679.8496857	NA	NA	NA	NA	NA	NA	NA	NA	NA	NA	NA	NA	NA	NA	NA	NA	NA	NA	NA	NA	NA	NA	NA	NA	NA	NA	713881.0	2654278802.0	4.0	NA
2019-01-27 12:00:00	CT08	2019-01-27 12:00:55	0.0	12.0	1.0	NA	244.6476402	240.594265	241.013958	242.0852877	420.3094635	416.2592545	421.3528061	419.3071747	949.6382141	947.0397491	945.6975403	NA	947.4585012	NA	NA	NA	50.0005302	NA	NA	NA	1.000446	232.2154503	227.7382507	227.8440361	687.7977295	NA	NA	NA	-20.535965	688.1045532	NA	NA	NA	NA	NA	NA	NA	NA	NA	NA	NA	NA	NA	NA	NA	NA	NA	NA	NA	NA	NA	NA	NA	NA	NA	NA	713881.0	2654339739.5	4.0	NA
2019-01-27 12:05:00	CT08	2019-01-27 12:05:45	0.0	12.0	1.0	NA	244.6444956	240.7703145	241.0376231	242.1508111	420.4695841	416.515035	421.2767131	419.4204441	954.9164022	953.5076701	952.3499756	NA	953.5913493	NA	NA	NA	49.9574699	NA	NA	NA	1.0004797	233.4935811	229.4490458	229.4625905	692.4052124	NA	NA	NA	-21.3634313	692.7380371	NA	NA	NA	NA	NA	NA	NA	NA	NA	NA	NA	NA	NA	NA	NA	NA	NA	NA	NA	NA	NA	NA	NA	NA	NA	NA	713881.0	2654399975.3333335	4.0	NA
2019-01-27 12:10:00	CT08	2019-01-27 12:08:36	0.0	12.0	1.0	NA	244.3307699	240.6313121	240.6428223	241.8683014	420.0431112	416.0259399	420.723114	418.9307217	956.9423625	952.5498861	951.0249023	NA	953.505717	NA	NA	NA	49.7876002	NA	NA	NA	1.0003137	233.732722	229.1397502	228.7924093	691.6648966	NA	NA	NA	-17.221983	691.8815511	NA	NA	NA	NA	NA	NA	NA	NA	NA	NA	NA	NA	NA	NA	NA	NA	NA	NA	NA	NA	NA	NA	NA	NA	NA	NA	713881.0	2654449700.3333335	4.0	NA
2019-01-27 12:15:00	CT08	2019-01-27 12:13:57	0.0	12.0	1.0	NA	244.238327	240.4503326	240.5472107	241.7452901	419.7950439	415.7958374	420.5624237	418.7177684	969.4414978	966.4899902	965.0317688	NA	966.9877523	NA	NA	NA	49.8144646	NA	NA	NA	1.000409	236.6725311	232.2876511	232.0544357	701.0145874	NA	NA	NA	-19.9591465	701.3015747	NA	NA	NA	NA	NA	NA	NA	NA	NA	NA	NA	NA	NA	NA	NA	NA	NA	NA	NA	NA	NA	NA	NA	NA	NA	NA	713881.0	2654504246.5	4.0	NA
2019-01-27 12:20:00	CT08	2019-01-27 12:19:17	0.0	12.0	1.0	NA	245.3325806	241.5227203	241.5936635	242.8163215	421.7144572	417.5924276	422.4123332	420.5730726	974.5686239	973.5070597	972.4139404	NA	973.4965413	NA	NA	NA	49.996652	NA	NA	NA	1.0005563	238.9477793	234.9697673	234.8300425	708.7475993	NA	NA	NA	-23.654925	709.1422526	NA	NA	NA	NA	NA	NA	NA	NA	NA	NA	NA	NA	NA	NA	NA	NA	NA	NA	NA	NA	NA	NA	NA	NA	NA	NA	713881.0	2654574864.3333335	4.0	NA
2019-01-27 12:25:00	CT08	2019-01-27 12:25:47	0.0	12.0	1.0	NA	245.3483887	241.5000725	241.748806	242.8657557	421.6041718	417.7937164	422.5780258	420.658638	982.3324432	980.8384094	979.6383514	NA	980.9364014	NA	NA	NA	50.0033045	NA	NA	NA	1.000523	240.8750038	236.733551	236.7276764	714.3362579	NA	NA	NA	-23.0646052	714.7097321	NA	NA	NA	NA	NA	NA	NA	NA	NA	NA	NA	NA	NA	NA	NA	NA	NA	NA	NA	NA	NA	NA	NA	NA	NA	NA	713881.0	2654630273.25	4.0	NA
2019-01-27 12:30:00	CT08	2019-01-27 12:29:49	0.0	12.0	1.0	NA	245.3947347	241.4932302	241.7265879	242.8715176	421.6555481	417.742981	422.607076	420.668535	978.7929281	977.4486084	976.3467204	NA	977.5294189	NA	NA	NA	49.9487343	NA	NA	NA	1.00056	240.0439911	235.892568	235.9076945	711.8442586	NA	NA	NA	-23.8401756	712.2434692	NA	NA	NA	NA	NA	NA	NA	NA	NA	NA	NA	NA	NA	NA	NA	NA	NA	NA	NA	NA	NA	NA	NA	NA	NA	NA	713881.0	2654685673.6666665	4.0	NA
2019-01-27 12:35:00	CT08	2019-01-27 12:35:07	0.0	12.0	1.0	NA	245.8118935	241.8817596	242.2350769	243.3095767	422.294487	418.4999771	423.4873505	421.4272715	970.5736694	969.1477051	968.0919189	NA	969.2710978	NA	NA	NA	49.9790659	NA	NA	NA	1.0005112	238.4405823	234.2792282	234.4136581	707.1334839	NA	NA	NA	-22.5774736	707.4953766	NA	NA	NA	NA	NA	NA	NA	NA	NA	NA	NA	NA	NA	NA	NA	NA	NA	NA	NA	NA	NA	NA	NA	NA	NA	NA	713881.0	2654740695.0	4.0	NA
2019-01-27 12:40:00	CT08	2019-01-27 12:40:30	0.0	12.0	1.0	NA	246.0003967	242.1322784	242.311512	243.4813957	422.7458572	418.7830658	423.6459427	421.7249552	983.3979187	981.9394836	980.7863312	NA	982.0412445	NA	NA	NA	50.020834	NA	NA	NA	1.00049	241.7836037	237.6245651	237.5652733	716.9734344	NA	NA	NA	-22.3791447	717.3253479	NA	NA	NA	NA	NA	NA	NA	NA	NA	NA	NA	NA	NA	NA	NA	NA	NA	NA	NA	NA	NA	NA	NA	NA	NA	NA	713881.0	2654804258.0	4.0	NA
2019-01-27 12:45:00	CT08	2019-01-27 12:45:22	0.0	12.0	1.0	NA	245.7512767	241.9579468	242.0223592	243.2438609	422.4293213	418.3994446	423.1114299	421.3133986	978.0281372	975.8828125	974.6619873	NA	976.190979	NA	NA	NA	50.0307719	NA	NA	NA	1.0004437	240.2341054	236.0053457	235.8049062	712.0443522	NA	NA	NA	-21.1904348	712.3603109	NA	NA	NA	NA	NA	NA	NA	NA	NA	NA	NA	NA	NA	NA	NA	NA	NA	NA	NA	NA	NA	NA	NA	NA	NA	NA	713881.0	2654863363.3333335	4.0	NA
2019-01-27 12:50:00	CT08	2019-01-27 12:50:40	0.0	12.0	1.0	NA	246.0003014	242.0345573	242.1984711	243.4111099	422.6887207	418.5470428	423.5748062	421.6035233	977.6711273	975.0124359	973.6247406	NA	975.4361013	NA	NA	NA	50.0560493	NA	NA	NA	1.0003842	240.4102554	235.886055	235.7370453	712.0333405	NA	NA	NA	-19.6606078	712.3069305	NA	NA	NA	NA	NA	NA	NA	NA	NA	NA	NA	NA	NA	NA	NA	NA	NA	NA	NA	NA	NA	NA	NA	NA	NA	NA	713881.0	2654925439.75	4.0	NA
2019-01-27 12:55:00	CT08	2019-01-27 12:54:39	0.0	12.0	1.0	NA	246.085378	242.1267446	242.3285522	243.5135583	422.8493652	418.7537638	423.7392171	421.7807821	975.7990723	973.1200765	971.8243612	NA	973.58117	NA	NA	NA	50.0266139	NA	NA	NA	1.0003867	240.028422	235.516861	235.4284922	710.9737752	NA	NA	NA	-19.6721961	711.2498983	NA	NA	NA	NA	NA	NA	NA	NA	NA	NA	NA	NA	NA	NA	NA	NA	NA	NA	NA	NA	NA	NA	NA	NA	NA	NA	713881.0	2654980891.6666665	4.0	NA
2019-01-27 13:00:00	CT08	2019-01-27 12:59:59	0.0	12.0	1.0	NA	246.3193207	242.3849068	242.55616	243.7534625	423.3210068	419.1214294	424.1469574	422.1964645	956.2062836	954.1128845	953.0175171	NA	954.4455617	NA	NA	NA	50.0318041	NA	NA	NA	1.0004852	235.405365	231.1261215	231.0695572	697.6010284	NA	NA	NA	-21.7284651	697.9394684	NA	NA	NA	NA	NA	NA	NA	NA	NA	NA	NA	NA	NA	NA	NA	NA	NA	NA	NA	NA	NA	NA	NA	NA	NA	NA	713881.0	2655036233.0	4.0	NA
2019-01-27 13:05:00	CT08	2019-01-27 13:05:25	0.0	12.0	1.0	NA	247.0921364	243.1143188	243.1924248	244.4662933	424.6079788	420.3187714	425.3667374	423.4311625	975.4826813	973.056839	971.852005	NA	973.4638418	NA	NA	NA	50.1090059	NA	NA	NA	1.0004183	240.924324	236.4490318	236.2676201	713.640976	NA	NA	NA	-20.5589185	713.9405365	NA	NA	NA	NA	NA	NA	NA	NA	NA	NA	NA	NA	NA	NA	NA	NA	NA	NA	NA	NA	NA	NA	NA	NA	NA	NA	713881.0	2655098426.5	4.0	NA
2019-01-27 13:10:00	CT08	2019-01-27 13:10:41	0.0	12.0	1.0	NA	247.2109947	243.3841019	243.4061356	244.6670774	425.0252762	420.7782364	425.5331802	423.7788976	967.2069855	965.3956299	964.3004608	NA	965.6343587	NA	NA	NA	50.103529	NA	NA	NA	1.0004845	238.9807014	234.8283081	234.6280365	708.4370575	NA	NA	NA	-22.0486155	708.7804413	NA	NA	NA	NA	NA	NA	NA	NA	NA	NA	NA	NA	NA	NA	NA	NA	NA	NA	NA	NA	NA	NA	NA	NA	NA	NA	713881.0	2655161850.75	4.0	NA
2019-01-27 13:15:00	CT08	2019-01-27 13:14:41	0.0	12.0	1.0	NA	247.3277079	243.3102773	243.5072683	244.7150845	425.0032654	420.6722412	425.910553	423.8620199	943.443868	941.5834147	940.4192301	NA	941.8155043	NA	NA	NA	50.0766538	NA	NA	NA	1.000499	233.2170054	228.9615122	228.9119822	691.0904948	NA	NA	NA	-21.8375899	691.4356689	NA	NA	NA	NA	NA	NA	NA	NA	NA	NA	NA	NA	NA	NA	NA	NA	NA	NA	NA	NA	NA	NA	NA	NA	NA	NA	713881.0	2655216288.0	4.0	NA
2019-01-27 13:20:00	CT08	2019-01-27 13:19:59	0.0	12.0	1.0	NA	247.3314323	243.4432983	243.558136	244.7776222	425.1436157	420.9196777	425.8474274	423.9702403	946.1630249	944.5699158	943.522995	NA	944.7519786	NA	NA	NA	50.0871391	NA	NA	NA	1.0004813	233.8957596	229.8183975	229.7177582	693.4319153	NA	NA	NA	-21.484314	693.7663727	NA	NA	NA	NA	NA	NA	NA	NA	NA	NA	NA	NA	NA	NA	NA	NA	NA	NA	NA	NA	NA	NA	NA	NA	NA	NA	713881.0	2655270101.5	4.0	NA
2019-01-27 13:25:00	CT08	2019-01-27 13:24:01	0.0	12.0	1.0	NA	247.3838857	243.4554392	243.643453	244.8275926	425.142395	420.9955037	426.032664	424.0568542	942.2433675	939.716451	938.5426839	NA	940.1675008	NA	NA	NA	50.0904973	NA	NA	NA	1.0004141	232.9929555	228.6718597	228.592514	690.2573446	NA	NA	NA	-19.7990583	690.5434977	NA	NA	NA	NA	NA	NA	NA	NA	NA	NA	NA	NA	NA	NA	NA	NA	NA	NA	NA	NA	NA	NA	NA	NA	NA	NA	713881.0	2655324482.0	4.0	NA
2019-01-27 13:30:00	CT08	2019-01-27 13:30:13	0.0	12.0	1.0	NA	247.3836403	243.5208244	243.6977654	244.86741	425.3181305	421.1144791	425.9440765	424.125562	926.6316833	923.88237	922.7289886	NA	924.4143473	NA	NA	NA	50.0807066	NA	NA	NA	1.0003975	229.1330872	224.8760452	224.7877235	678.7968597	NA	NA	NA	-19.1379333	679.0666962	NA	NA	NA	NA	NA	NA	NA	NA	NA	NA	NA	NA	NA	NA	NA	NA	NA	NA	NA	NA	NA	NA	NA	NA	NA	NA	713881.0	2655387326.25	4.0	NA
2019-01-27 13:35:00	CT08	2019-01-27 13:35:38	0.0	12.0	1.0	NA	246.8733749	242.8770943	243.0516472	244.2673721	424.3306732	419.9798279	424.9502106	423.0869039	960.2534027	957.8733215	956.5787354	NA	958.2351532	NA	NA	NA	50.0156584	NA	NA	NA	1.0004358	236.9546623	232.5294914	232.416214	701.9003754	NA	NA	NA	-20.6242065	702.2065125	NA	NA	NA	NA	NA	NA	NA	NA	NA	NA	NA	NA	NA	NA	NA	NA	NA	NA	NA	NA	NA	NA	NA	NA	NA	NA	713881.0	2655448866.0	4.0	NA
2019-01-27 13:40:00	CT08	2019-01-27 13:40:56	0.0	12.0	1.0	NA	246.6590691	242.5357666	242.908165	244.0343335	423.7605057	419.5568619	424.7317734	422.683047	943.8940277	942.3041534	941.2184143	NA	942.4721985	NA	NA	NA	50.0278959	NA	NA	NA	1.0005165	232.6926575	228.4026985	228.5389328	689.6342926	NA	NA	NA	-22.168788	689.9907532	NA	NA	NA	NA	NA	NA	NA	NA	NA	NA	NA	NA	NA	NA	NA	NA	NA	NA	NA	NA	NA	NA	NA	NA	NA	NA	713881.0	2655510676.5	4.0	NA
2019-01-27 13:45:00	CT08	2019-01-27 13:42:16	0.0	12.0	1.0	NA	246.5537262	242.7922974	243.0308533	244.1256256	423.9112854	420.0505371	424.5606995	422.8408407	932.5646973	930.3469849	929.4428711	NA	930.7848511	NA	NA	NA	50.0710449	NA	NA	NA	1.00049	229.8111725	225.7474213	225.7963409	681.3549194	NA	NA	NA	-21.3426476	681.6890869	NA	NA	NA	NA	NA	NA	NA	NA	NA	NA	NA	NA	NA	NA	NA	NA	NA	NA	NA	NA	NA	NA	NA	NA	NA	NA	713881.0	2655549026.0	4.0	NA
